考号	题65（男1女2）	题66	题1	题2	题3	题4	题5	题6	题7	题8	题9	题10	题11	题12	题13	题14	题15	题16	题17	题18	题19	题20	题21	题22	题23	题24	题25	题26	题27	题28	题29	题30	题31	题32	题33	题34	题35	题36	题37	题38	题39	题40	题41	题42	题43	题44	题45	题46	题47	题48	题49	题50	题51	题52	题53	题54	题55	题56	题57	题58	题59	题60	题61	题62	题63
 180000 	1	4	1	2	3	2	1	4	5	6	3	2	2	2	3	14	1	3	3	4	3	5	1	1	3	4	6	4	1	4	5	4	3	4	3	1	3	1	4	3	1	3	4	1	5	3	3	1	4	3	4	3	5	1	4	4	3	4	3	2	1	5	5	3	3
 180001 	1	3	1	2	3	2	0	4	5	6	3	2	3	4	1	3	4	3	5	1	1	3	2	6	4	1	4	5	1	3	3	3	4	4	1	1	1	1	4	4	1	3	4	3	5	2	2	1	2	2	4	4	3	1	6	4	3	4	4	1	3	3	4	4	1
 180002 	1	4	1	2	3	2	1	4	5	6	3	2	3	4	1	3	4	3	5	1	1	3	2	6	4	1	4	5	1	3	3	3	4	4	1	1	3	1	4	4	1	1	4	3	5	4	3	1	2	4	4	4	3	1	6	4	3	4	4	4	3	3	4	4	1
 180003 	2	4	1	2	3	2	0	4	5	6	3	2	3	4	1	3	4	3	5	1	1	3	2	6	4	1	4	5	1	3	4	3	4	4	1	1	3	1	4	3	1	1	4	3	5	0	4	2	1	1	3	4	5	4	4	4	0	4	4	1	3	3	4	4	1
 180005 	1	4	1	2	3	2	1	4	5	6	3	2	3	4	1	3	4	3	5	1	1	0	2	6	4	1	4	5	1	3	4	3	4	5	1	1	1	1	4	3	1	1	4	4	5	2	3	1	2	2	4	3	2	1	5	3	6	2	4	3	1	5	3	4	1
 180006 	2	4	1	2	3	2	0	4	4	5	6	3	2	3	4	1	3	4	3	5	1	1	2	2	4	1	3	2	1	3	4	3	4	4	1	5	1	1	4	3	1	1	4	4	5	2	3	3	2	2	4	3	2	1	4	4	3	4	1	3	1	6	4	4	1
 180007 	1	4	1	2	3	2	4	4	5	6	3	2	3	4	1	3	4	3	5	1	1	3	2	6	4	1	4	5	1	3	4	3	4	4	1	1	3	1	4	3	1	3	4	4	5	5	2	3	4	2	4	4	3	1	2	4	4	4	1	4	6	2	4	1	1
 180008 	1	4	1	2	3	2	1	4	5	6	3	2	3	4	1	3	4	3	5	1	1	3	2	6	4	1	4	5	1	3	3	3	4	4	1	1	3	1	4	3	1	3	4	4	5	4	2	1	2	2	4	3	4	1	2	1	1	4	3	2	1	3	4	4	1
 180009 	1	4	1	2	3	2	1	4	5	6	3	2	3	4	1	3	4	3	5	1	1	3	2	6	4	1	4	5	1	3	4	3	4	4	1	1	3	1	4	3	1	3	4	3	5	4	2	0	2	2	4	3	3	1	2	4	4	4	4	1	3	3	4	4	5
 180010 	1	4	1	2	3	2	1	4	5	6	3	2	3	4	1	3	2	3	5	1	1	3	2	6	4	1	4	5	1	3	4	3	4	4	1	1	3	1	4	3	1	1	4	4	5	2	5	1	2	2	4	1	2	1	5	2	5	4	4	4	3	4	5	3	5
 180011 	1	5	1	2	3	2	1	4	5	6	3	2	3	4	1	3	0	4	3	5	1	3	35	6	4	1	4	5	1	3	4	3	4	4	1	1	3	1	4	3	1	1	4	2	5	2	2	3	2	2	3	3	6	4	6	4	6	4	3	4	1	2	6	4	1
 180012 	2	4	1	2	3	2	1	4	5	6	3	2	3	4	1	3	4	3	5	1	1	3	2	6	4	1	4	5	1	3	4	3	4	4	1	1	3	1	4	3	1	3	4	2	5	4	2	1	2	2	2	3	4	1	4	1	1	2	3	5	3	3	5	4	1
 180013 	2	4	1	2	3	2	4	4	5	6	3	2	3	4	1	3	4	3	5	1	1	3	2	6	4	1	4	5	1	3	4	3	4	4	1	1	3	1	4	3	1	1	4	4	2	4	3	3	4	2	3	3	3	1	4	4	1	6	1	5	3	3	4	3	1
 180014 	2	4	1	2	3	2	4	4	5	6	3	2	3	4	1	3	4	3	5	1	1	3	2	6	4	1	4	5	1	3	4	3	3	4	1	1	3	1	4	3	1	1	4	3	2	5	3	3	4	2	4	3	6	1	3	4	6	6	1	4	3	3	4	3	5
 180015 	1	4	3	2	3	2	1	4	5	6	3	2	3	4	1	3	4	3	5	1	1	3	3	6	4	2	4	5	1	3	4	3	4	4	1	1	3	1	4	3	1	1	4	4	5	0	2	1	4	2	4	3	3	2	2	4	2	1	1	6	3	5	1	4	1
 180016 	1	4	1	2	3	2	1	4	5	6	3	2	3	4	1	3	4	3	5	1	1	3	2	6	4	1	4	5	1	4	4	3	4	4	1	1	3	1	4	3	1	1	4	2	5	5	4	1	1	2	3	3	4	1	4	4	6	0	4	4	3	5	4	4	0
 180017 	1	4	3	1	2	1	1	4	5	4	3	2	3	4	4	3	2	5	3	1	1	3	4	6	4	1	4	2	1	4	4	3	4	4	1	1	1	1	4	4	1	1	4	4	2	4	2	3	1	2	3	1	3	4	4	4	4	3	2	3	3	3	4	3	0
 180018 	1	4	1	2	3	2	1	4	5	6	3	2	3	4	1	3	4	3	5	1	1	3	2	6	4	1	4	5	1	3	4	3	4	4	1	1	3	1	4	3	1	3	4	4	2	3	2	1	2	2	3	3	3	1	4	4	4	3	3	2	3	3	4	3	1
 180019 	1	4	1	2	3	2	1	4	5	6	3	2	3	4	1	3	4	3	5	1	1	3	2	6	4	1	4	5	1	3	4	3	4	4	1	1	3	1	4	3	1	1	4	4	5	4	2	3	4	2	3	3	3	4	5	4	3	1	1	2	4	3	5	5	5
 180020 	2	3	1	2	3	2	1	4	5	6	3	2	3	4	1	3	4	3	5	1	1	3	2	6	4	1	4	5	1	3	4	3	4	4	1	1	3	1	4	3	1	2	4	4	5	4	3	1	3	4	4	2	1	2	1	4	6	3	4	1	6	5	6	3	5
 180021 	2	3	1	2	3	2	1	4	5	6	3	2	3	4	1	3	4	3	5	1	1	3	2	6	4	1	4	5	1	3	4	3	4	4	1	1	3	1	4	3	1	2	4	4	5	4	3	3	1	4	4	4	5	1	4	3	3	3	4	1	3	5	6	3	1
 180022 	1	4	1	2	3	2	1	4	5	6	3	2	3	4	1	3	4	3	5	1	1	3	2	6	4	1	4	5	1	3	4	3	4	4	1	1	3	1	4	4	1	3	4	2	5	4	2	3	1	4	4	4	3	4	4	4	3	1	3	5	3	3	6	1	1
 180023 	1	4	1	2	3	2	1	4	5	6	3	2	3	4	1	3	4	3	5	1	1	3	2	6	4	1	4	5	1	3	4	3	4	4	1	1	3	1	4	3	1	3	4	2	5	0	2	3	4	4	3	3	4	2	4	4	3	1	4	6	6	5	6	4	1
 180024 	1	4	1	2	3	2	1	4	5	6	3	2	3	4	1	3	4	3	5	1	1	3	2	6	4	1	4	5	1	3	4	3	4	4	1	1	3	1	4	3	1	1	4	4	5	2	5	2	1	2	4	3	3	1	4	3	6	5	3	4	3	3	4	3	6
 180025 	2	4	1	3	3	2	3	4	5	6	3	2	3	4	1	3	4	3	5	1	1	3	2	6	4	1	4	5	1	3	4	3	4	4	1	1	3	1	4	3	1	1	4	3	5	2	5	1	1	2	4	3	3	1	6	2	1	2	5	4	3	5	1	1	1
 180026 	1	4	1	2	3	2	1	4	5	6	3	2	3	4	1	3	4	3	5	1	1	3	2	6	4	1	4	5	1	3	4	3	4	4	1	1	1	1	1	3	1	1	4	4	5	3	4	3	1	2	3	3	3	1	4	4	4	4	3	2	3	3	4	4	6
 180027 	1	4	1	2	3	2	1	4	5	6	3	2	0	4	1	3	4	3	5	1	1	3	2	6	4	1	4	5	1	3	4	3	4	4	1	1	3	1	1	3	1	1	4	4	5	3	4	3	1	2	3	3	3	1	4	4	4	4	3	2	3	3	4	4	6
 180028 	1	4	1	2	3	2	1	4	5	6	3	2	3	4	1	3	4	3	3	1	1	3	2	6	4	1	4	4	1	3	4	2	4	4	1	2	3	1	4	3	1	1	4	4	5	0	3	1	1	2	4	4	2	4	2	0	4	4	1	3	3	3	3	4	6
 180029 	2	4	1	2	3	2	1	6	5	6	3	2	3	4	1	3	4	3	5	1	1	3	2	0	4	1	4	5	1	3	4	2	4	4	1	1	3	1	4	3	1	3	4	4	5	5	3	3	1	2	3	4	2	4	4	4	4	5	3	1	3	2	3	3	6
 180030 	1	4	1	2	3	2	1	4	5	6	3	2	3	4	1	3	4	3	5	1	1	3	2	6	4	1	4	5	1	3	4	4	4	4	1	1	3	1	4	3	1	3	4	4	5	3	3	3	1	2	3	4	2	4	4	4	4	2	3	1	3	0	2	3	6
 180031 	2	4	1	2	3	2	1	4	5	6	3	2	3	4	1	3	4	3	5	1	1	3	2	6	4	1	4	5	1	3	4	3	4	4	3	1	3	1	4	3	1	3	4	2	5	2	3	5	4	4	4	4	3	3	5	4	6	4	4	4	3	3	4	3	4
 180032 	1	3	1	2	3	2	1	4	5	6	3	2	3	4	1	3	4	3	5	1	1	3	2	6	4	1	4	5	1	3	4	3	4	4	1	5	3	1	4	3	1	1	4	4	5	5	2	0	1	4	1	4	3	1	5	4	6	3	4	4	4	2	3	6	4
 180033 	2	4	1	2	3	2	4	4	5	2	3	2	3	4	1	3	4	3	5	1	1	3	2	6	4	1	4	5	1	3	4	3	4	4	3	5	3	1	4	3	6	3	4	4	5	3	3	3	4	4	4	4	3	3	4	4	4	4	4	4	3	3	4	4	4
 180034 	2	4	1	2	3	2	1	4	5	6	3	2	3	4	1	3	4	3	5	1	1	3	2	6	4	1	4	5	1	3	4	3	4	4	1	5	3	1	4	3	1	3	4	4	5	3	3	1	1	4	3	3	2	4	2	4	1	4	4	4	3	3	3	3	3
 180035 	2	4	1	2	3	2	1	4	5	6	3	2	3	4	1	3	4	3	5	1	1	3	2	6	4	1	4	5	1	3	4	3	4	4	1	1	1	1	4	3	1	1	4	4	5	3	3	3	2	4	4	3	3	1	3	4	1	5	4	4	3	3	1	4	4
 180036 	2	4	1	2	3	2	1	4	5	6	3	2	3	4	1	3	4	3	5	1	1	3	2	6	4	1	4	5	1	3	4	3	4	4	1	1	3	1	4	3	3	3	4	4	5	4	3	3	4	4	3	4	3	1	4	4	6	5	4	4	3	5	4	4	1
 180037 	1	4	1	2	3	2	1	4	5	6	3	2	0	4	1	3	4	3	5	1	1	3	2	6	3	4	1	5	1	3	4	3	4	4	1	1	3	3	4	3	1	3	0	4	0	3	2	0	1	1	4	3	2	2	1	4	4	6	4	4	3	2	5	4	4
 180038 	1	4	1	2	3	2	1	4	5	6	3	2	3	4	1	3	4	3	5	1	1	3	2	6	4	1	4	5	1	3	4	3	4	4	3	1	3	1	4	3	1	1	4	2	5	4	3	1	1	4	4	4	2	1	5	4	4	5	4	4	3	3	1	4	3
 180039 	1	4	1	2	3	2	1	4	5	6	3	2	3	4	1	3	4	3	5	1	1	3	2	6	4	1	4	5	1	3	4	3	4	4	3	1	3	1	4	3	1	0	4	2	5	4	3	1	1	4	4	4	2	1	5	4	4	5	4	4	3	3	1	4	3
 180040 	1	4	1	2	3	2	0	5	2	6	3	2	3	4	1	3	4	3	5	1	1	3	2	6	4	1	4	5	1	3	4	3	4	4	3	1	3	1	4	3	1	3	4	2	5	2	3	1	1	2	4	5	2	1	4	4	1	2	1	2	3	3	5	4	3
 180041 	1	3	1	2	3	2	1	4	5	6	3	2	3	4	5	3	4	3	5	1	1	3	2	6	4	1	4	5	1	3	4	3	4	4	1	1	3	1	4	3	1	3	4	4	5	3	3	1	1	4	3	2	2	1	4	4	6	3	4	4	3	3	5	4	4
 180042 	2	3	1	2	3	2	1	4	5	6	3	2	3	4	1	3	4	3	5	1	1	3	2	1	4	1	4	5	1	3	4	3	4	4	1	1	3	1	4	3	1	3	4	4	3	4	3	3	1	4	3	4	2	2	4	4	6	4	4	3	3	3	1	4	4
 180043 	2	4	1	2	3	2	1	4	5	6	3	2	3	4	1	3	4	3	5	1	1	3	5	6	3	1	5	5	1	4	3	3	4	4	3	1	3	5	1	3	1	3	6	4	5	3	3	3	2	4	4	4	3	2	6	4	6	4	5	5	3	3	1	4	3
 180044 	4	0	1	2	3	2	1	4	5	6	3	2	3	4	1	3	4	3	5	1	1	3	2	6	4	1	4	5	1	3	4	3	4	4	5	1	3	1	4	3	1	0	4	2	5	6	3	1	1	2	3	3	2	1	5	4	4	5	4	6	3	3	4	4	3
 180045 	1	4	1	2	3	2	1	4	5	6	3	2	3	4	1	3	4	3	5	1	1	3	2	6	4	1	4	5	1	4	4	3	4	4	6	1	3	1	4	3	1	3	4	4	5	3	3	0	1	4	3	4	2	1	4	4	6	5	4	4	3	3	4	4	5
 180046 	1	4	1	2	3	2	1	4	5	6	3	2	3	4	1	3	4	3	5	1	1	3	2	6	4	1	4	5	1	3	4	3	4	4	1	1	3	1	4	3	1	1	4	0	2	5	2	1	1	2	3	3	2	1	4	4	6	3	4	6	3	3	6	5	5
 180047 	1	1	12	2	3	2	1	4	0	6	3	2	3	3	5	3	3	3	4	1	1	3	2	6	4	1	4	5	1	3	4	3	4	4	1	1	3	1	4	3	1	0	4	4	0	4	2	6	4	4	3	2	2	2	4	4	6	4	4	4	3	3	5	4	4
 180048 	1	4	1	2	3	2	1	4	5	6	3	2	3	4	1	3	4	3	5	1	1	3	2	6	4	1	4	5	1	3	4	3	4	4	3	1	3	1	4	3	1	1	2	2	5	5	2	1	1	2	4	4	2	1	5	4	6	4	4	4	3	3	1	4	4
 180049 	1	4	1	2	3	2	1	4	5	6	3	2	3	4	1	3	4	3	5	1	1	3	2	6	4	1	4	5	1	3	4	3	4	4	3	1	3	1	4	3	1	1	2	2	5	5	2	1	1	2	4	4	2	1	5	4	5	4	4	4	3	3	1	4	4
 180050 	1	4	1	2	3	2	1	4	5	6	3	2	3	4	1	3	4	3	5	1	1	3	2	6	4	1	4	5	1	3	4	3	4	4	3	1	3	1	4	3	1	0	2	2	5	0	0	1	1	2	4	4	2	1	5	4	6	4	4	4	3	3	1	4	4
 180051 	1	3	1	2	3	2	4	4	5	6	3	2	3	4	1	3	4	3	5	1	1	3	5	1	4	1	4	5	1	3	4	3	4	4	1	5	3	1	4	3	1	1	4	2	5	4	3	0	1	4	3	3	3	1	2	4	4	5	3	2	5	3	1	4	4
 180052 	2	4	1	2	3	2	0	4	0	6	0	2	0	4	1	3	4	3	5	1	1	3	2	6	4	1	4	5	1	3	4	3	4	4	3	1	3	1	4	3	1	1	4	2	0	5	0	1	1	2	4	4	2	1	5	4	4	4	4	4	3	3	1	4	4
 180053 	4	0	1	2	3	2	1	4	5	6	3	2	3	4	1	3	4	3	5	1	1	3	2	6	4	1	4	5	1	3	4	3	4	4	2	1	3	1	4	3	1	0	4	2	0	0	3	1	1	2	3	3	2	1	4	4	6	4	4	6	3	3	6	4	4
 180054 	1	4	1	2	3	2	1	4	5	6	3	2	3	4	1	3	4	3	5	1	1	3	2	6	4	1	4	5	1	1	2	3	4	4	1	1	3	1	4	3	1	1	4	2	2	5	3	3	1	2	4	4	1	1	2	4	1	1	1	4	5	3	4	4	1
 180055 	1	4	1	2	3	2	1	4	5	6	3	2	3	4	1	3	4	3	5	1	1	3	2	6	4	1	4	5	1	1	2	3	4	4	1	1	3	1	4	3	1	1	4	2	2	5	3	3	1	2	4	4	1	1	2	4	3	1	1	4	5	3	4	4	1
 180056 	1	3	1	2	3	2	2	4	5	6	3	2	3	4	1	3	4	3	3	1	1	3	2	6	4	1	4	5	1	3	4	3	4	1	4	1	3	1	4	4	1	3	4	1	2	4	2	3	1	2	4	3	3	1	5	4	6	4	3	4	3	3	4	6	4
 180057 	2	3	1	2	3	2	1	4	5	6	3	2	3	4	1	3	4	3	5	1	1	3	2	6	4	1	4	5	1	3	4	3	4	4	1	1	3	1	4	3	1	1	4	4	5	3	3	3	2	4	4	3	3	1	4	4	6	5	4	4	3	3	1	4	4
 180058 	2	4	1	2	3	2	1	4	5	6	3	2	3	4	1	3	4	3	5	1	1	3	2	6	4	5	4	5	1	3	4	3	4	4	1	1	5	1	4	4	1	3	4	4	5	3	3	1	1	4	3	4	3	2	1	4	6	4	4	4	5	3	4	4	3
 180059 	1	3	1	2	3	2	1	4	5	6	3	2	3	4	1	3	4	3	5	1	1	3	2	6	4	1	4	5	1	4	4	3	4	4	6	1	3	1	4	3	1	3	4	4	5	3	3	3	1	4	3	4	2	1	4	4	6	5	4	4	3	3	4	4	5
 180060 	2	3	1	2	3	2	1	4	5	6	3	2	3	4	1	3	4	3	5	1	1	3	2	6	4	1	4	5	1	3	4	3	4	4	5	5	3	5	4	1	1	6	3	4	5	3	3	5	4	3	4	3	2	1	0	3	3	3	5	3	6	4	5	5	5
 180061 	0	0	1	2	3	2	1	4	5	6	3	2	3	4	1	3	4	3	5	1	1	3	4	1	4	1	4	5	1	3	4	2	4	4	1	1	3	1	4	3	1	1	4	2	5	2	1	3	2	2	4	3	3	0	4	4	6	5	1	2	3	6	5	3	4
 180062 	0	0	2	1	1	5	3	4	5	6	3	2	3	4	1	0	3	5	2	1	3	0	4	1	2	2	5	3	1	6	4	3	4	5	1	1	1	1	4	3	4	3	4	2	2	2	2	1	4	4	4	3	3	2	6	4	4	5	2	4	5	5	1	5	1
 180063 	0	0	1	2	3	2	1	5	6	3	2	2	3	1	1	3	4	1	2	2	3	1	1	1	4	2	5	1	1	1	3	1	1	2	2	3	2	2	2	1	3	6	3	1	1	1	1	3	2	3	2	5	1	1	2	1	1	2	1	5	4	2	3	2	2
 180064 	0	0	1	2	3	2	0	4	5	6	3	2	3	4	1	3	4	3	5	1	1	3	2	6	4	1	5	5	1	3	3	3	4	4	2	1	3	1	4	3	1	1	4	3	5	4	2	1	1	3	3	3	5	1	6	4	1	3	4	6	1	3	1	5	3
 180065 	0	0	1	2	3	2	1	4	5	6	3	2	3	4	1	3	4	3	5	1	1	3	5	6	4	1	4	5	1	3	4	3	4	4	3	1	1	1	4	3	1	1	2	4	2	5	2	1	1	2	1	1	5	1	3	4	1	5	4	2	3	3	4	4	2
 180066 	0	0	1	23	3	2	1	4	5	6	3	2	3	4	1	3	4	3	5	1	1	3	2	6	4	1	4	5	1	0	4	3	4	4	3	1	1	1	4	3	1	1	0	4	2	0	2	1	4	3	0	0	2	1	1	0	1	4	1	2	4	3	0	4	4
 180067 	0	0	1	2	3	2	1	4	5	3	3	2	3	4	1	3	4	3	5	1	1	3	3	1	4	1	4	5	1	3	4	4	4	4	3	1	3	1	4	3	1	1	4	2	2	3	2	3	1	3	4	3	5	1	2	3	6	4	4	3	6	2	1	3	3
 180068 	0	0	1	2	3	0	4	5	6	3	3	3	4	1	3	4	3	5	3	1	4	4	2	6	4	1	4	5	1	4	4	3	4	4	1	0	1	1	4	2	1	1	1	1	5	2	2	5	4	4	2	3	5	2	4	1	5	5	4	2	5	4	3	6	4
 180069 	0	0	1	2	3	2	1	4	5	6	3	2	3	4	1	3	4	3	5	1	1	3	0	0	4	2	0	5	1	0	4	1	1	4	3	1	3	5	4	4	1	1	4	3	5	4	2	1	4	4	3	3	2	2	5	4	1	3	2	4	3	2	3	4	4
 180070 	0	0	1	2	3	2	1	4	5	0	2	3	4	1	3	4	3	5	1	1	3	2	5	4	1	4	5	1	4	3	2	2	4	5	1	1	2	1	4	3	1	1	4	3	5	2	4	3	2	4	3	3	3	3	2	1	1	5	1	2	1	2	1	3	5
 180071 	0	0	1	2	3	2	1	4	5	3	6	2	3	4	1	3	4	3	5	1	1	3	2	6	4	1	4	5	1	3	4	2	4	4	1	1	3	1	4	3	1	1	4	2	5	2	1	3	2	2	4	3	3	1	5	4	6	3	1	2	3	6	5	3	4
 180072 	0	0	1	2	3	2	1	4	5	6	3	2	3	4	1	3	4	3	5	1	1	3	2	6	4	1	4	5	1	3	2	3	4	1	1	1	3	1	4	3	3	1	4	2	5	4	3	1	2	2	4	3	3	1	5	2	6	5	4	2	3	3	1	4	1
 180073 	0	0	2	3	3	2	1	1	5	6	3	2	3	4	1	3	4	3	5	3	1	3	2	6	4	1	4	5	1	3	2	6	1	4	3	1	3	1	4	2	1	3	4	3	5	2	2	1	1	4	2	3	3	1	2	3	2	4	1	6	1	5	5	4	3
 180074 	0	0	1	2	3	2	0	4	5	6	3	2	3	4	1	3	4	3	5	1	1	3	2	6	4	1	4	5	1	5	4	3	4	4	2	1	3	5	4	2	1	1	4	2	0	5	1	1	4	4	3	4	3	2	1	4	4	3	2	6	5	2	4	3	1
 180075 	0	0	1	2	3	2	1	4	5	6	3	2	3	4	1	3	4	3	5	1	1	3	2	26	3	1	2	5	1	3	3	3	4	4	1	1	3	1	4	4	1	1	4	2	5	2	3	1	4	3	2	3	5	4	6	4	4	5	4	4	1	4	1	3	5
 180076 	0	0	1	2	3	2	4	4	5	6	3	2	3	4	1	1	5	3	3	1	1	3	3	3	4	1	2	5	1	1	3	1	4	4	4	1	4	1	4	3	1	6	4	2	2	2	2	3	4	3	2	5	3	1	1	1	2	1	3	1	1	2	3	4	4
 180077 	0	0	1	2	3	4	3	5	3	2	3	2	3	4	3	3	3	3	2	3	4	2	4	3	4	2	4	2	5	1	4	4	2	3	2	3	2	3	4	4	3	2	3	1	4	2	3	6	4	3	4	4	4	3	3	2	5	5	1	3	3	2	1	4	3
 180078 	0	0	1	2	3	2	1	4	5	6	3	2	3	4	1	3	4	3	5	1	1	3	2	6	2	1	4	5	1	3	4	2	4	4	3	1	3	5	4	1	1	0	3	2	5	3	3	1	4	4	3	5	2	1	3	4	6	4	1	4	3	2	2	6	3
 180079 	0	0	1	2	3	2	1	4	5	6	3	2	3	4	1	3	4	3	5	1	1	3	5	6	4	1	4	5	1	3	4	3	4	1	3	1	3	1	4	3	1	1	4	2	5	5	2	3	2	2	2	5	6	1	2	2	6	3	2	2	1	2	2	4	2
 180080 	0	0	1	2	3	2	1	4	5	6	3	0	3	4	1	3	4	3	5	1	1	3	2	6	3	0	4	5	1	3	0	0	4	4	0	1	0	1	4	2	1	3	4	4	5	2	2	3	1	0	1	0	3	4	0	4	1	5	1	6	0	3	5	4	1
 180081 	0	0	1	2	3	2	1	4	5	6	3	2	3	4	1	3	4	3	5	1	1	3	2	6	2	1	4	5	1	3	4	3	4	4	1	1	3	1	4	1	1	1	4	1	5	4	2	3	1	3	2	3	2	3	4	1	4	5	3	5	6	3	2	5	5
 180082 	0	0	1	2	3	2	4	4	5	6	3	2	3	4	1	3	4	3	5	1	1	3	2	1	4	1	0	5	1	3	3	3	4	5	1	5	5	1	4	3	0	6	1	5	5	2	2	5	4	2	4	3	5	2	4	4	3	3	2	6	1	2	5	2	4
 180083 	0	0	1	2	3	2	1	4	5	4	3	2	3	4	1	3	4	3	5	1	1	3	2	6	4	1	4	5	1	3	4	3	4	4	3	1	3	1	4	3	1	1	4	2	5	5	2	1	1	4	4	3	2	4	2	1	1	2	4	1	3	3	4	5	5
 180084 	0	0	1	2	3	2	4	4	5	6	3	2	3	4	1	3	4	3	5	1	1	3	2	6	4	1	4	5	1	3	4	3	4	4	1	1	3	1	4	3	2	1	4	3	5	2	1	1	1	3	4	3	3	1	2	1	5	5	1	3	5	2	1	3	4
 180085 	0	0	1	2	3	2	1	4	5	6	3	2	3	4	1	3	4	3	5	1	1	3	2	6	4	1	4	5	1	3	3	2	3	4	2	5	3	1	4	2	1	1	4	4	5	5	2	3	4	3	3	4	5	1	4	1	4	4	1	4	1	3	4	2	2
 180086 	0	0	1	2	3	2	1	4	5	6	3	2	3	4	1	3	4	3	5	1	1	3	2	6	4	1	4	5	1	4	2	3	4	4	1	1	5	1	4	3	1	3	4	1	5	5	3	3	2	4	4	5	2	2	5	1	4	5	2	2	3	5	1	4	4
 180087 	0	0	1	2	3	2	1	4	5	6	3	2	3	4	1	3	4	3	5	1	1	3	2	6	4	1	4	2	1	4	4	1	1	4	3	4	3	2	4	3	1	1	4	4	2	5	2	3	2	2	3	1	2	2	6	3	1	5	6	4	3	6	4	5	1
 180088 	0	0	1	2	3	2	4	4	0	0	3	2	3	4	1	3	4	3	5	1	1	3	2	6	4	1	4	5	1	3	4	3	4	4	1	5	3	1	4	2	1	1	4	1	5	4	2	1	1	4	3	4	2	2	5	1	3	3	4	2	2	5	5	4	1
 180089 	0	0	1	3	3	2	1	4	5	3	3	1	3	4	1	3	4	3	5	3	1	4	4	6	1	1	4	5	1	4	4	5	4	4	3	4	3	4	4	1	2	3	4	2	4	4	2	3	4	4	2	4	3	2	4	4	2	4	1	2	4	2	1	1	4
 180090 	0	0	1	2	3	2	1	4	5	6	3	2	3	4	1	3	4	3	5	1	1	3	2	6	4	1	4	5	1	3	4	3	4	4	1	1	3	1	4	2	1	3	4	2	5	2	2	3	2	4	4	3	3	2	4	3	6	3	1	4	1	5	4	6	3
 180091 	2	5	1	2	3	2	4	4	5	6	3	3	3	4	0	3	4	3	5	1	1	3	2	6	4	1	4	5	1	0	3	3	4	1	3	1	3	1	4	3	4	1	4	2	5	4	2	3	4	4	3	5	4	4	1	4	1	2	1	4	1	2	3	6	1
 180092 	2	3	3	1	2	1	3	3	2	2	2	3	6	2	3	3	2	2	5	1	2	4	1	5	4	2	4	2	1	3	4	1	4	4	1	1	5	5	2	3	1	1	4	4	5	4	2	1	1	3	3	5	2	4	6	4	3	5	4	1	5	4	5	4	6
 180093 	1	4	1	2	3	2	1	4	5	6	3	2	3	3	1	3	4	3	5	1	6	3	2	6	4	1	4	5	1	3	4	3	4	4	1	5	3	1	4	3	1	1	4	2	5	4	2	1	4	4	3	4	3	3	6	4	4	4	1	4	3	2	3	3	1
 180094 	3	2	1	2	3	2	1	4	5	6	3	2	3	4	1	3	2	3	5	1	1	3	2	6	4	1	4	5	1	3	4	2	4	5	4	1	1	1	5	2	2	3	4	2	3	4	3	1	4	4	3	5	4	2	4	1	4	3	1	5	3	4	5	5	4
 180095 	2	4	1	2	3	3	1	4	5	6	3	2	3	4	1	3	4	3	5	1	1	3	2	6	4	1	4	5	1	3	4	3	4	4	1	1	3	1	4	3	1	1	1	3	2	4	2	3	4	3	4	2	2	2	2	4	6	1	6	1	3	5	3	4	5
 180096 	1	4	1	2	3	2	1	4	5	6	3	2	3	4	1	3	4	3	5	1	1	3	2	6	4	1	4	5	1	3	4	3	4	4	1	5	3	1	4	3	1	1	4	2	5	5	2	1	4	3	1	1	3	4	4	4	6	5	1	1	1	6	5	4	5
 180097 	1	5	1	2	3	2	1	4	5	6	3	2	3	4	1	3	4	3	5	1	1	3	2	6	4	1	4	5	1	3	4	2	4	4	1	1	3	1	4	3	1	3	4	2	5	4	2	1	4	4	1	3	3	4	2	1	6	5	2	1	3	2	6	4	5
 180098 	1	4	1	2	3	2	4	6	5	6	3	2	3	4	1	3	4	3	5	1	1	3	1	6	4	1	4	5	1	4	0	0	4	1	1	4	3	4	2	4	1	1	4	4	2	2	3	3	4	4	3	4	6	4	4	4	6	4	1	3	3	0	1	3	5
 180099 	0	0	1	2	3	2	4	4	5	6	3	0	3	3	4	1	3	4	6	5	1	1	4	5	6	4	1	4	4	1	4	4	2	6	4	5	6	4	1	3	3	2	6	4	2	2	3	3	3	2	1	4	2	1	6	1	3	1	1	1	2	4	4	3	3
 180100 	2	4	1	2	3	2	1	4	5	6	3	2	3	4	1	3	4	3	5	1	1	3	2	1	4	1	4	1	1	3	3	3	4	5	1	1	3	5	4	3	1	3	5	3	5	3	2	3	2	2	3	3	3	1	6	3	2	3	6	5	5	2	3	5	4
 180101 	2	4	1	2	3	2	4	4	5	6	3	2	3	4	1	3	4	3	5	1	1	3	2	6	4	1	4	5	1	2	4	3	4	4	1	1	3	1	4	2	3	3	4	2	2	5	3	3	2	4	3	4	5	2	3	4	5	5	1	6	1	2	3	4	2
 180102 	2	3	1	2	3	2	4	4	5	2	3	2	3	4	1	3	5	3	5	1	1	3	2	6	4	1	4	5	1	3	4	3	4	1	2	1	3	1	4	3	1	3	4	4	5	5	3	1	1	4	3	3	3	1	4	4	3	1	4	2	3	3	3	5	6
 180103 	1	3	1	2	3	2	4	4	5	6	3	2	3	4	1	3	5	3	4	0	1	3	2	6	4	1	4	5	1	3	4	3	4	1	2	1	3	1	4	3	1	3	4	2	5	5	3	1	1	4	3	3	3	1	4	4	3	1	4	2	1	3	3	5	6
 180104 	1	4	1	2	3	2	1	4	5	6	3	2	3	4	1	3	4	3	5	1	1	3	2	6	4	1	4	5	1	3	3	3	4	1	1	1	3	1	4	3	1	1	4	2	5	5	2	1	1	2	2	2	2	1	6	4	3	1	4	2	1	3	1	5	6
 180105 	2	4	1	2	3	2	1	4	5	6	3	2	3	4	1	3	4	3	5	1	1	3	2	6	4	1	4	5	1	3	3	3	4	1	1	1	3	1	4	3	1	1	6	2	5	5	2	1	1	2	4	2	2	1	6	4	3	1	4	2	1	3	3	5	6
 180106 	2	3	1	2	3	2	1	0	5	6	3	2	3	4	1	3	4	6	5	1	1	3	2	6	4	1	4	5	1	3	2	4	4	5	6	5	1	1	4	3	1	3	5	2	5	4	2	3	1	4	3	4	2	4	6	4	3	4	4	3	1	2	2	1	5
 180107 	2	3	1	2	3	2	1	4	5	6	3	2	3	4	1	3	4	3	5	1	1	3	2	4	4	1	4	5	1	3	4	4	1	4	3	1	2	1	4	2	1	13	1	3	5	5	2	1	1	3	3	2	2	3	5	3	6	1	1	4	3	3	5	3	4
 180108 	4	0	1	2	3	2	1	4	5	6	3	2	3	4	1	3	4	3	5	1	1	3	4	6	4	1	4	5	1	3	4	6	4	4	1	1	3	1	4	2	1	3	2	2	5	2	2	1	4	4	4	1	2	1	4	4	6	5	1	6	1	5	4	4	3
 180109 	1	3	1	2	3	2	1	4	5	6	3	2	3	4	1	3	4	3	5	1	1	3	2	6	4	1	4	5	1	3	4	6	1	4	3	5	3	1	4	3	1	1	4	4	5	5	3	1	1	4	3	4	3	1	6	3	1	1	6	1	6	5	5	4	1
 180110 	2	4	2	2	3	2	6	0	5	6	3	2	3	3	1	1	1	3	2	2	4	3	6	1	4	1	4	5	1	4	4	3	4	2	4	5	3	5	4	3	6	0	0	0	5	4	2	3	2	4	1	4	2	1	4	1	4	4	5	4	3	2	4	3	3
 180111 	2	4	1	2	3	2	4	5	5	6	3	4	3	4	1	3	4	2	5	1	3	4	2	6	4	1	4	5	1	3	4	2	3	3	1	1	0	1	5	3	1	1	4	1	2	4	2	5	5	3	1	5	2	4	4	1	1	5	5	4	3	2	4	3	3
 180112 	2	4	1	2	2	2	4	4	5	6	3	2	3	4	1	3	4	3	5	1	3	3	2	6	4	1	4	5	1	3	4	2	4	4	1	1	6	1	4	4	1	1	4	1	2	4	2	1	4	4	2	5	2	4	4	1	1	4	5	4	3	2	4	0	3
 180113 	2	3	2	2	1	2	2	3	2	5	3	5	6	6	3	4	3	1	1	3	4	2	2	1	4	1	4	5	1	4	4	3	4	2	1	5	3	5	4	3	1	3	4	4	5	5	6	3	2	4	2	5	5	1	6	2	4	6	5	2	3	2	4	4	4
 180114 	2	3	1	2	3	0	4	4	5	2	3	0	2	3	4	4	3	0	3	5	1	1	2	6	4	1	4	5	1	3	4	2	4	5	1	1	3	1	4	2	1	3	4	4	5	0	1	1	4	1	3	1	3	4	4	4	6	5	1	2	4	3	2	4	4
 180115 	1	4	1	2	3	2	1	4	5	6	3	2	3	4	1	3	4	3	5	1	1	3	2	6	4	2	4	5	1	3	4	3	4	4	1	1	3	1	4	1	1	1	4	4	5	4	3	1	1	3	3	4	5	2	2	4	6	3	1	4	3	2	3	3	4
 180116 	1	3	1	2	3	2	1	4	5	6	3	0	2	3	4	1	3	4	3	5	1	1	3	2	6	4	1	4	5	1	3	4	3	4	5	1	1	3	1	4	3	2	1	4	2	5	5	2	3	4	4	2	4	5	1	5	4	1	1	1	3	4	5	4	3
 180117 	1	4	1	2	3	2	1	4	5	6	3	2	3	4	1	3	4	3	5	1	1	3	2	6	4	1	4	5	1	3	4	3	4	1	2	1	3	1	4	3	1	3	4	2	5	5	2	3	2	2	3	3	3	1	4	4	6	4	3	3	3	2	5	5	3
 180118 	2	4	12	2	3	2	1	4	5	6	3	2	3	4	1	3	4	3	5	1	1	3	2	6	4	1	4	5	1	3	4	3	4	4	2	1	3	1	4	3	1	1	6	3	2	4	5	0	2	2	4	2	5	1	6	3	3	1	4	2	6	3	1	1	5
 180119 	1	4	1	2	3	2	1	4	5	6	3	2	3	4	1	3	4	3	5	1	1	3	2	6	4	1	4	5	1	3	4	3	4	4	2	1	3	1	4	3	1	1	4	0	5	5	2	1	1	2	2	3	3	1	5	4	1	1	5	4	1	5	4	4	3
 180120 	2	4	1	2	3	2	1	4	5	6	3	2	3	4	1	1	4	3	5	1	1	3	2	6	4	1	4	5	1	3	4	3	4	4	1	5	2	1	4	3	2	6	4	2	5	3	3	3	2	4	4	3	3	4	2	4	6	3	5	4	3	4	5	5	4
 180121 	2	5	1	2	3	2	1	4	5	6	3	2	3	4	1	3	4	3	5	1	1	3	2	6	4	1	4	5	1	3	4	3	4	1	1	5	3	1	4	3	1	3	4	2	5	5	2	1	1	4	2	4	2	1	6	3	6	6	1	3	6	3	5	4	5
 180122 	2	3	1	2	3	2	1	4	5	6	3	2	3	4	1	3	4	3	5	1	1	3	2	6	4	2	4	5	1	3	4	3	4	4	3	1	3	1	4	3	1	3	4	3	5	2	1	3	2	2	4	1	3	1	6	3	0	1	4	1	2	3	3	1	6
 180123 	2	4	1	2	3	2	1	4	5	6	3	2	3	4	3	3	4	4	5	1	1	3	5	6	4	1	4	5	1	3	4	3	4	4	1	1	1	1	4	3	1	3	4	4	3	2	2	1	4	4	3	3	3	4	6	1	4	4	1	1	3	4	3	4	1
 180124 	2	4	1	2	3	2	1	4	5	6	3	2	3	4	1	3	4	3	5	1	1	3	2	6	4	1	4	5	1	3	4	3	4	4	1	5	1	1	4	3	1	1	4	4	5	2	2	1	4	3	3	4	3	3	1	1	6	5	1	2	5	4	5	4	4
 180125 	2	4	1	2	3	2	1	4	5	6	3	2	3	4	1	3	4	3	5	1	1	3	2	6	4	1	4	5	1	3	4	3	4	4	5	5	1	1	4	3	1	1	4	4	5	2	2	1	4	3	3	4	3	3	1	1	6	5	1	1	5	4	5	4	4
 180126 	1	4	1	2	3	2	1	4	5	6	3	2	3	4	1	3	4	3	5	1	1	4	2	6	4	1	4	5	1	3	4	3	4	5	1	1	1	1	4	3	1	1	4	4	2	2	2	3	1	4	3	5	3	1	3	4	3	1	2	4	5	3	2	5	1
 180127 	2	3	1	2	3	2	4	4	5	6	3	2	3	4	1	3	4	3	5	1	6	3	2	6	4	1	4	5	1	3	4	4	3	4	2	1	1	5	4	3	1	3	4	4	5	0	3	2	4	4	3	4	3	3	4	4	4	6	1	4	4	4	1	4	4
 180128 	1	4	1	2	3	2	1	4	5	6	3	2	3	4	1	3	4	3	5	1	1	3	5	6	4	1	4	5	1	3	4	3	4	4	3	1	5	1	4	3	2	3	4	4	5	0	2	1	4	4	4	4	3	4	6	4	4	5	1	6	3	3	6	1	4
 180129 	1	4	1	2	3	2	0	4	5	0	2	3	4	1	3	4	3	5	2	1	3	4	2	6	4	1	4	5	1	4	4	4	4	1	1	5	1	1	4	3	2	3	4	4	5	0	2	1	4	4	3	4	3	4	6	4	4	3	1	2	3	3	4	3	4
 180130 	2	4	1	2	3	2	1	4	5	6	3	2	4	4	1	3	4	4	3	0	1	4	1	1	4	1	4	5	1	3	4	3	4	1	1	5	1	1	4	3	1	3	4	4	3	4	2	1	3	4	3	4	3	4	6	4	4	3	1	2	3	3	5	3	4
 180131 	2	4	1	2	3	2	1	4	5	6	3	2	3	4	1	3	4	3	5	1	1	3	1	1	4	1	4	5	1	3	4	3	4	1	1	5	1	1	4	3	1	3	4	4	3	0	2	1	3	4	3	4	3	4	6	4	4	4	1	2	3	3	5	3	4
 180132 	1	3	1	2	3	2	1	4	5	6	3	2	3	4	1	3	4	3	5	1	1	3	2	6	4	1	4	5	1	3	4	2	4	4	1	1	3	1	4	3	1	3	1	4	3	4	2	1	3	4	4	3	3	4	6	4	2	3	4	4	3	4	5	5	4
 180133 	2	5	1	2	3	2	1	4	5	2	3	2	3	4	1	3	4	3	5	1	1	3	2	6	4	1	4	5	1	3	4	3	4	4	1	1	3	1	4	3	3	3	4	4	5	5	2	5	3	2	4	3	3	4	6	4	6	3	5	2	5	3	3	3	4
 180134 	1	4	1	2	3	2	1	4	5	6	3	2	3	4	1	3	4	3	5	1	1	3	6	6	4	1	4	5	1	3	4	4	4	4	1	5	3	5	4	2	1	1	4	4	2	2	2	3	4	4	1	3	3	3	6	2	6	5	1	4	3	3	3	4	3
 180135 	1	4	1	0	3	0	0	4	5	6	3	2	2	4	1	3	4	3	5	1	1	4	2	6	4	1	4	5	1	3	4	4	4	4	3	1	3	1	4	3	1	0	4	4	2	6	2	2	4	4	3	4	3	1	0	1	0	2	0	3	3	0	0	4	5
 180136 	1	4	1	3	3	2	1	4	5	6	3	2	3	4	1	3	4	1	5	1	1	3	2	6	4	1	4	5	1	1	4	3	4	4	1	1	3	1	4	1	2	1	4	0	5	0	2	1	4	4	4	3	4	1	4	1	6	2	2	3	3	6	4	4	1
 180137 	1	4	1	2	3	2	1	4	5	6	3	2	3	4	1	3	4	3	5	1	1	3	2	6	4	1	4	5	1	3	4	4	4	4	1	1	3	1	4	3	2	1	4	4	5	4	3	1	4	4	3	4	2	2	3	4	6	6	1	4	3	5	6	4	4
 180138 	1	4	1	2	3	2	1	4	5	6	3	2	3	4	1	3	4	3	5	1	1	3	2	6	4	1	0	4	5	1	3	4	3	4	1	5	3	1	4	3	1	1	4	4	5	5	3	1	4	4	3	5	2	1	5	4	6	6	1	6	3	5	6	2	3
 180139 	2	4	1	2	3	2	1	4	5	6	3	2	3	4	1	3	4	3	5	1	1	3	2	6	2	1	4	3	1	3	4	3	3	2	2	1	2	1	4	2	1	3	3	4	2	3	3	1	4	3	1	4	4	4	3	14	5	3	1	4	3	4	2	3	3
 180140 	2	4	1	2	3	2	1	4	5	6	3	2	3	4	1	3	4	3	5	1	1	3	5	6	4	1	3	5	1	3	4	3	4	4	1	1	3	1	4	3	4	1	4	2	5	2	2	1	4	4	2	3	4	1	2	4	4	5	1	4	3	3	4	3	4
 180141 	4	0	1	2	3	2	1	4	5	6	3	2	3	4	1	3	4	3	5	1	1	3	2	6	4	1	4	5	1	3	2	2	4	4	1	1	3	1	4	3	1	1	6	2	5	5	2	1	4	2	3	3	6	1	5	2	6	4	1	3	4	1	2	5	3
 180142 	5	4	1	2	3	2	1	4	5	6	3	2	3	4	1	3	4	3	5	1	1	3	2	6	4	1	4	5	1	3	4	2	4	4	1	2	3	1	4	3	1	3	1	3	5	2	2	3	1	2	3	3	3	3	2	2	4	0	1	4	1	3	3	6	4
 186101 	1	3	1	2	3	2	1	4	5	6	3	2	3	4	1	3	4	3	5	1	1	3	5	6	4	1	4	5	1	3	4	3	4	4	1	5	3	1	4	3	1	1	0	4	5	0	3	3	2	4	4	3	2	1	4	4	3	1	4	3	3	5	5	4	4
 186102 	2	4	1	2	3	2	1	4	5	6	3	2	3	4	1	3	4	3	5	1	1	3	2	6	4	1	4	5	1	3	4	3	4	4	1	1	1	1	4	3	1	3	4	3	5	4	3	3	2	4	3	3	1	2	6	1	4	4	5	4	6	3	5	4	1
 186103 	1	3	1	2	3	2	1	4	5	6	3	2	2	3	1	3	4	3	5	1	2	3	2	6	4	1	4	5	1	3	4	3	4	4	1	1	1	1	4	3	1	3	4	0	5	4	2	3	2	2	1	3	4	1	2	4	6	4	1	1	3	3	1	5	4
 186104 	1	3	1	2	3	2	1	4	5	6	3	2	3	4	1	3	4	3	5	1	1	3	2	6	4	1	4	5	1	3	4	3	4	4	1	1	1	1	4	3	1	3	4	4	5	4	3	3	2	3	1	1	4	1	2	4	6	4	1	1	3	2	6	5	4
 186105 	1	3	1	2	3	2	1	4	5	0	2	3	4	1	1	3	4	6	5	1	1	3	2	6	4	1	4	5	1	3	4	3	4	4	1	1	3	1	4	2	1	3	4	2	5	2	2	1	1	4	2	5	2	3	4	3	4	3	1	4	3	3	5	4	4
 186106 	1	4	1	2	3	2	4	4	5	6	3	2	3	4	1	3	3	3	5	1	1	3	2	6	4	1	4	5	1	3	4	3	4	4	0	1	3	1	4	3	1	3	4	3	5	5	2	1	4	4	4	3	6	3	3	4	2	4	1	4	1	3	4	5	1
 186107 	2	3	1	2	3	2	4	4	5	6	3	2	3	4	1	3	4	3	5	1	1	3	2	6	4	1	4	5	1	3	4	3	4	4	1	1	1	1	4	3	1	1	4	2	5	5	2	1	2	1	4	1	3	1	4	4	6	4	3	6	3	3	4	3	1
 186108 	1	3	1	2	3	2	4	4	5	6	3	2	3	4	1	3	4	3	5	1	1	3	2	6	4	1	4	5	1	3	4	3	4	4	3	1	1	1	4	3	1	1	4	2	5	6	2	1	4	4	4	3	3	1	5	4	6	4	3	6	3	3	2	4	1
 186109 	2	4	1	2	3	2	1	4	5	6	3	2	3	4	1	3	4	3	5	1	1	3	2	6	3	1	4	5	1	3	4	3	4	4	1	1	3	1	4	4	1	3	4	4	3	2	1	3	0	4	4	3	5	1	4	3	4	3	3	1	0	3	1	6	0
 186110 	1	4	1	2	3	4	1	4	5	6	3	2	3	4	1	3	4	3	5	1	1	3	2	6	4	1	4	5	1	3	4	2	4	4	1	1	3	1	4	3	1	3	1	4	5	4	3	3	1	4	3	3	1	2	3	4	4	3	3	2	5	2	4	4	6
 186111 	1	3	1	2	3	2	1	4	5	6	3	2	3	4	1	3	0	5	3	5	1	1	2	6	4	1	4	5	1	3	2	3	4	4	1	1	2	1	4	4	1	1	4	4	5	3	2	2	2	2	4	3	2	1	5	1	5	1	2	3	5	5	5	1	3
 186112 	2	4	1	2	3	2	1	4	5	6	3	2	3	4	1	3	4	3	5	1	3	3	2	6	2	1	4	5	1	3	4	3	4	0	0	0	0	1	4	4	1	3	4	4	5	2	2	0	3	2	2	3	2	4	4	4	4	4	3	1	3	3	2	5	5
 186113 	1	3	1	2	3	2	1	4	5	6	3	2	3	3	1	3	4	3	5	2	1	3	5	6	4	1	5	5	1	3	4	3	4	4	1	5	1	1	4	2	2	1	4	2	2	5	2	3	4	4	3	3	3	2	4	4	4	2	5	5	1	2	3	3	4
 186114 	2	3	1	2	3	2	1	4	5	6	3	2	3	4	1	3	4	3	5	1	1	3	2	6	4	1	4	5	1	3	4	3	4	4	1	1	1	1	4	3	1	4	4	3	5	2	2	1	2	2	1	3	4	1	2	4	4	3	1	2	3	3	2	3	5
 186115 	1	3	1	2	3	2	1	4	5	6	3	2	3	4	1	3	4	3	5	1	1	3	2	6	4	1	4	5	1	3	4	3	4	4	1	1	1	1	4	4	1	3	4	0	5	5	2	3	2	2	3	3	5	3	4	4	0	3	1	1	3	3	1	4	2
 186116 	1	3	1	2	3	2	1	4	5	6	3	2	3	4	1	3	4	3	5	1	1	3	2	6	4	1	4	5	1	3	4	3	4	4	1	1	1	1	4	4	1	3	4	2	0	5	5	2	3	4	2	2	5	3	6	4	4	3	1	1	3	2	4	4	2
 186117 	1	4	1	2	3	2	4	4	5	0	2	3	4	1	3	4	4	3	5	1	1	3	2	6	4	1	4	5	1	3	4	3	4	4	1	1	3	1	4	2	1	3	4	2	5	2	0	1	2	2	4	3	3	2	6	3	4	3	3	2	4	2	1	5	3
 186118 	2	4	1	2	3	2	4	4	5	6	3	2	3	4	1	3	4	3	5	1	1	3	2	6	4	1	4	5	1	3	4	3	4	4	1	1	1	1	4	3	1	3	4	2	5	2	5	3	1	3	3	3	3	4	3	4	6	5	3	2	3	3	3	5	3
 186119 	1	3	1	2	3	2	1	4	5	6	3	2	3	4	1	3	4	3	5	1	1	3	2	6	4	1	4	5	1	3	4	3	4	4	1	1	1	1	4	3	1	1	4	1	5	2	2	1	2	2	1	5	3	2	3	4	6	4	3	3	1	3	4	5	3
 186120 	1	3	1	2	3	2	1	4	5	6	3	2	3	4	1	3	4	3	5	1	1	3	2	6	4	1	3	5	1	1	4	3	4	4	1	1	1	1	4	4	1	3	4	2	5	2	3	5	2	3	1	1	3	2	3	4	6	3	4	3	3	3	3	5	3
 186121 	2	4	1	2	3	2	1	4	5	6	3	2	3	4	1	3	4	3	5	1	1	3	2	6	4	1	4	5	1	3	4	3	4	4	1	1	3	1	4	3	1	3	4	2	2	4	3	3	4	3	4	3	3	4	4	4	4	3	1	2	1	3	3	3	4
 186122 	1	3	1	2	3	2	0	4	5	6	3	2	3	4	1	3	4	0	5	1	0	3	2	6	4	1	4	5	1	3	4	3	4	4	1	1	3	1	4	2	1	3	4	4	5	4	3	1	4	3	2	3	3	4	6	1	6	3	1	3	1	3	5	6	4
 186123 	2	3	1	2	3	2	2	4	5	6	3	2	3	4	1	3	2	3	5	1	1	3	2	6	4	1	4	5	1	3	4	3	4	4	1	1	1	1	4	4	1	3	4	2	5	2	5	3	4	2	3	3	3	2	3	4	6	3	3	2	3	3	3	5	3
 186124 	1	4	1	2	3	2	1	4	5	6	3	2	3	4	1	3	4	3	5	1	1	3	2	6	4	1	4	5	1	3	2	3	4	4	1	1	3	1	4	4	1	3	4	4	5	5	2	1	4	2	4	3	2	2	5	1	4	3	3	4	5	1	6	4	4
 186125 	1	3	1	2	3	2	1	4	5	6	3	2	3	4	1	3	4	3	5	1	1	3	2	6	4	1	4	5	1	3	4	2	4	4	3	1	1	1	4	4	1	3	4	2	5	5	2	1	2	2	3	3	2	2	6	4	4	0	1	2	3	3	4	5	0
 186126 	1	4	1	2	3	2	1	4	5	6	3	2	3	4	1	3	4	3	5	1	1	3	2	6	4	5	4	5	1	3	4	2	4	4	1	1	1	1	4	4	1	3	4	0	5	5	2	3	1	3	3	3	2	2	6	4	4	3	1	2	3	3	3	5	4
 186127 	1	4	1	2	3	2	1	4	5	6	3	2	3	4	1	3	4	3	5	1	1	3	2	6	4	1	4	5	1	3	4	3	4	4	1	1	1	1	4	4	1	3	4	2	5	2	2	3	1	3	2	3	2	2	3	4	4	3	1	2	3	3	3	5	4
 186128 	1	0	1	3	3	2	1	4	5	6	3	2	3	4	1	3	4	3	5	1	1	3	2	6	4	1	4	5	1	3	4	3	4	4	1	1	1	1	4	4	1	3	4	2	5	5	3	3	1	3	2	3	2	2	3	4	4	3	3	2	3	3	3	5	5
 186129 	1	3	1	2	3	2	1	4	5	6	3	2	3	4	1	3	4	3	5	1	1	3	2	6	4	1	4	5	1	3	4	3	4	4	1	1	1	1	4	3	1	3	4	2	5	2	5	3	1	3	3	3	3	4	3	4	6	5	3	2	3	3	3	5	3
 186130 	1	3	1	2	3	2	1	4	5	6	3	2	3	4	1	3	4	3	5	1	1	3	2	6	4	1	4	5	1	3	4	3	4	4	1	1	1	1	4	4	1	3	4	2	5	2	2	3	1	3	1	1	3	4	3	4	4	3	2	2	3	3	3	5	2
 186131 	2	3	1	2	3	2	1	4	5	6	3	2	3	4	1	3	4	3	5	1	1	3	2	6	4	1	4	5	1	3	4	3	4	4	1	1	3	2	4	2	4	3	4	0	5	4	3	1	1	4	2	5	5	4	1	4	5	4	1	2	5	5	3	3	5
 186132 	1	3	1	2	3	2	1	4	5	6	3	2	3	4	1	3	4	3	5	1	1	3	2	6	4	1	4	5	1	3	4	3	4	4	1	1	3	1	4	3	4	1	4	4	1	3	2	1	4	2	3	3	3	2	3	4	4	3	4	2	3	6	4	3	5
 186133 	2	4	1	0	2	3	2	1	4	5	6	3	2	3	4	1	1	3	4	3	5	1	3	2	6	4	1	4	3	5	1	3	4	3	4	1	3	1	4	3	1	3	4	3	5	3	2	1	4	3	3	4	6	2	3	4	4	5	3	2	6	5	1	4	5
 186134 	1	2	1	2	3	2	1	4	5	6	3	2	3	4	1	3	4	3	5	1	1	3	2	6	4	1	4	5	1	3	4	3	4	4	1	1	3	1	4	3	1	3	4	4	5	4	2	1	2	2	3	3	3	1	3	4	4	3	1	3	3	3	1	5	5
 186135 	1	3	1	3	3	2	1	4	5	6	3	2	3	4	1	3	4	3	5	0	1	3	2	6	4	1	4	5	1	3	4	3	4	4	1	1	3	1	4	3	1	3	4	4	5	4	1	1	2	2	3	1	3	1	3	4	4	4	1	3	3	3	1	5	4
 186136 	1	3	1	2	3	2	4	4	5	6	3	2	3	4	1	3	4	3	5	1	1	3	2	6	4	1	4	5	1	3	4	3	4	4	1	1	3	1	4	3	1	1	4	4	5	0	2	1	3	2	1	2	3	2	3	4	1	4	1	3	3	3	1	5	4
 186137 	2	3	1	2	3	2	1	4	5	1	3	1	3	4	1	3	4	3	3	1	1	3	2	6	4	1	4	5	1	3	4	3	4	4	1	1	3	1	4	3	1	1	4	3	5	4	2	1	2	2	1	3	4	4	4	4	4	3	1	3	3	3	1	5	3
 186138 	2	3	1	2	3	2	4	5	6	3	2	2	3	4	1	3	4	3	5	1	1	2	6	4	1	4	5	1	3	4	3	4	4	1	1	3	1	4	4	3	1	3	4	4	5	4	2	1	2	2	3	3	3	1	3	4	4	3	1	3	3	3	1	5	5
 186139 	1	3	1	2	3	2	1	4	5	6	3	2	3	4	1	3	4	3	5	1	1	3	2	6	4	1	4	5	1	3	4	3	4	4	1	1	3	1	4	3	1	3	4	2	5	5	2	1	2	2	3	3	3	1	3	4	4	3	3	1	3	3	1	5	5
 186140 	2	4	1	2	3	2	1	4	5	6	3	2	3	4	1	3	4	3	5	1	1	3	2	6	4	1	4	5	1	3	4	3	4	4	1	1	3	1	4	3	1	3	4	4	5	4	2	1	2	2	3	3	3	1	2	4	4	4	3	3	3	3	1	5	5
 186141 	2	3	1	2	3	2	1	4	5	6	3	2	3	4	1	3	4	3	5	1	1	3	2	6	4	1	4	5	1	3	4	3	4	4	1	1	3	1	4	3	1	1	4	4	1	2	2	1	4	2	3	3	3	2	3	3	2	2	4	4	3	6	3	3	4
 186142 	1	4	1	3	3	2	1	4	5	6	3	2	3	4	1	3	4	3	5	1	1	3	2	6	4	1	4	5	1	3	4	3	4	4	1	1	3	1	4	3	1	1	1	3	5	4	3	3	4	4	3	3	3	3	3	4	2	6	4	6	1	5	2	3	1
 186143 	1	3	1	2	3	2	1	4	5	6	3	2	3	4	1	3	4	3	5	1	1	3	2	6	4	1	4	5	1	3	4	3	4	4	1	1	3	1	4	3	1	3	4	4	2	5	3	1	2	2	1	3	4	1	4	2	6	3	4	6	3	3	3	5	6
 186144 	1	3	1	2	3	2	1	4	5	6	3	2	3	4	1	3	4	3	5	1	1	5	2	6	4	1	4	5	1	3	4	3	4	4	1	1	3	1	4	3	4	1	4	3	5	5	2	1	4	2	3	3	2	1	2	4	2	2	4	4	3	6	5	5	1
 186145 	1	2	1	2	3	2	1	4	5	6	3	2	3	4	1	3	4	3	5	1	1	3	2	6	4	1	4	5	1	3	4	3	4	4	1	1	3	1	4	3	1	3	4	4	5	2	3	1	2	2	3	3	3	2	2	4	5	6	4	5	3	6	5	5	4
 186146 	2	3	1	2	3	2	4	4	5	6	3	2	3	4	1	3	4	3	5	1	1	3	2	6	4	1	4	5	1	3	4	3	4	4	1	1	3	1	4	3	2	3	4	4	2	4	5	3	1	2	3	2	2	2	1	4	4	6	5	5	3	2	5	5	4
 186147 	1	0	1	2	3	2	1	4	5	6	3	2	3	4	1	0	3	4	3	5	1	3	2	6	4	1	4	5	1	3	4	3	4	4	1	1	3	1	4	2	1	1	4	4	5	4	2	3	2	2	1	3	3	2	3	4	4	4	1	3	3	2	1	5	5
 186148 	1	4	1	2	3	2	1	4	5	6	3	2	3	4	1	3	4	3	3	1	1	3	3	6	4	1	5	5	1	3	4	2	4	4	1	1	3	1	4	2	3	3	4	3	2	4	3	3	4	4	1	2	1	2	4	4	4	3	4	5	1	2	1	4	4
 186149 	1	5	1	2	3	2	1	4	5	6	3	2	3	4	1	3	4	3	5	3	1	3	2	6	4	5	4	5	1	3	4	3	4	4	1	1	3	1	4	2	2	0	4	3	2	0	2	0	4	4	3	4	3	2	4	4	0	0	4	2	3	4	6	2	4
 186150 	2	4	1	2	3	2	4	4	5	6	3	2	3	4	1	3	4	3	3	1	1	3	2	6	4	1	4	5	1	3	4	3	4	4	1	1	3	1	4	2	1	3	4	3	2	4	2	1	4	2	3	1	4	2	3	4	4	4	3	3	4	3	1	5	4
 186151 	1	4	1	2	3	2	1	4	5	0	3	2	0	4	1	3	4	3	5	1	1	3	2	1	6	4	1	5	1	3	4	3	4	4	1	1	3	1	4	3	1	1	4	4	5	3	2	3	2	3	3	1	3	2	4	4	6	3	1	1	3	6	5	4	1
 186152 	1	3	1	2	3	2	1	4	5	6	3	2	3	4	1	3	4	3	5	1	1	3	2	6	4	1	4	5	1	3	4	3	4	4	2	1	3	1	4	3	1	3	4	4	5	5	3	1	4	2	1	3	3	1	2	4	4	6	5	5	3	2	5	5	3
 186153 	2	4	1	2	3	2	0	4	5	6	3	2	3	4	1	3	4	3	5	1	1	3	2	6	34	1	4	5	1	3	4	3	4	4	1	1	3	1	4	3	4	1	4	3	5	5	2	1	4	2	3	3	2	1	2	4	2	2	4	4	3	6	5	5	1
 186154 	1	4	1	2	3	2	1	4	5	6	3	2	3	4	1	3	4	3	5	1	1	3	2	6	4	1	4	5	1	3	4	3	4	4	1	1	3	1	4	3	4	0	4	3	5	0	2	3	4	3	1	4	3	2	4	2	6	2	4	6	3	6	3	5	4
 186155 	1	3	1	2	3	2	1	4	5	6	3	2	3	4	1	3	4	3	5	1	1	3	2	6	4	1	4	5	1	3	4	3	4	4	1	1	3	1	4	3	1	3	4	3	5	5	3	1	4	2	1	5	3	1	4	4	1	2	4	6	3	6	3	5	4
 186156 	1	3	1	1	3	2	1	4	5	6	3	2	3	4	1	3	4	3	5	1	1	3	2	6	4	1	4	5	1	3	4	3	4	4	1	1	3	1	4	3	4	3	4	3	5	2	2	1	4	2	1	5	4	1	4	4	6	2	4	2	3	6	5	4	1
 186157 	1	3	1	2	3	2	1	4	5	6	3	2	3	4	1	3	4	3	5	1	1	1	2	6	4	1	4	5	1	3	4	3	4	4	1	1	3	1	4	2	2	3	4	4	5	4	2	1	4	2	3	3	3	1	2	4	6	6	4	3	3	2	5	5	3
 186158 	2	2	1	3	3	2	4	4	5	6	3	2	3	4	1	3	4	3	5	1	1	3	2	6	2	1	4	5	1	3	4	3	4	4	2	1	3	1	4	2	1	3	4	4	5	2	2	1	4	2	2	3	3	2	2	4	4	6	4	2	3	6	5	5	4
 186159 	3	0	1	2	3	2	4	4	5	6	3	2	3	4	1	3	4	3	5	1	1	3	2	6	4	1	4	5	1	5	4	3	4	4	1	1	3	1	4	2	4	1	4	3	2	3	2	4	4	2	3	4	3	2	2	4	4	3	4	1	3	3	5	5	4
 186160 	3	5	0	2	3	0	1	4	5	6	3	2	3	4	1	3	4	3	5	1	1	3	2	6	4	1	4	5	1	4	4	3	4	4	1	5	3	13	4	2	4	1	4	3	2	3	3	1	4	3	3	3	5	2	3	1	0	3	4	2	3	2	1	4	4
 186161 	1	2	1	2	3	2	1	4	5	6	3	2	3	4	1	3	4	3	5	1	1	3	2	6	4	1	4	5	1	3	4	3	4	4	1	1	3	1	4	3	1	3	4	3	5	5	2	1	3	4	1	3	3	1	3	4	6	4	1	4	3	4	4	3	4
 186201 	2	3	1	2	3	2	1	4	5	6	3	2	3	4	1	3	4	3	5	1	1	3	2	6	4	1	6	5	1	4	4	3	4	4	1	1	1	1	4	3	1	1	4	4	5	5	3	1	1	2	4	5	2	1	5	4	3	1	3	2	3	3	6	4	1
 186202 	2	4	1	2	3	2	1	4	5	6	3	2	3	4	1	3	4	3	5	1	1	3	2	6	4	1	4	5	1	3	4	3	4	4	1	1	3	1	4	3	1	1	4	3	5	4	3	3	1	4	1	5	2	4	4	1	6	3	2	5	6	5	5	5	4
 186203 	4	4	1	2	3	2	1	6	5	4	3	2	3	3	1	3	3	3	5	2	6	3	3	1	4	1	3	5	1	3	4	3	4	4	1	1	1	1	4	3	1	1	4	2	3	4	3	3	4	4	3	2	4	2	4	4	1	4	1	4	3	3	4	5	3
 186204 	2	0	1	2	3	2	1	4	5	6	3	2	3	4	1	3	4	3	5	1	1	3	2	6	4	1	4	5	1	3	4	3	4	4	1	1	3	1	4	3	1	1	4	4	5	4	3	4	4	2	1	5	4	3	4	1	6	5	3	4	5	2	5	1	4
 186205 	2	4	1	2	3	2	1	4	5	6	3	2	3	4	1	3	4	3	5	1	1	3	2	6	4	1	6	5	1	3	4	3	4	4	1	1	3	1	4	4	1	1	4	4	2	1	3	3	1	4	4	1	4	2	5	1	6	3	2	2	1	2	1	4	1
 186206 	1	4	1	2	3	2	4	4	5	6	3	2	3	4	1	3	4	3	5	1	1	3	2	6	4	1	4	5	1	3	2	3	4	4	1	1	3	1	4	3	1	1	2	2	5	5	2	1	2	4	4	3	3	1	4	3	1	5	5	1	6	3	2	4	1
 186207 	0	4	1	2	0	2	1	4	5	6	3	2	3	4	0	0	0	0	5	1	0	0	2	0	0	0	0	0	0	0	0	0	0	0	0	0	0	1	4	3	1	1	4	4	5	5	2	3	0	4	0	0	5	4	2	2	3	6	0	1	4	1	0	0	0
 186209 	1	3	1	2	3	2	1	4	5	6	3	2	3	4	1	3	4	3	5	1	1	3	2	6	4	1	4	5	1	3	4	3	4	2	1	1	3	1	4	2	1	1	4	0	5	5	2	1	4	4	2	5	3	2	3	1	6	3	3	6	6	5	5	1	4
 186210 	1	4	1	2	3	2	1	4	5	6	3	2	3	4	1	3	4	3	5	1	1	4	2	6	4	1	4	5	1	3	4	3	4	4	1	5	4	1	4	2	1	3	4	4	2	3	1	3	3	4	2	3	3	2	5	1	0	5	1	2	5	5	4	1	1
 186211 	1	3	1	2	3	2	1	4	5	6	3	2	3	4	1	3	4	3	5	1	1	2	2	6	4	1	4	5	1	3	1	3	4	4	1	1	3	1	4	3	1	1	4	3	5	5	3	3	1	2	2	3	3	1	3	4	1	5	1	5	3	2	2	4	4
 186212 	3	0	1	2	3	2	1	4	5	6	3	6	3	0	3	3	4	3	5	1	1	3	2	5	4	1	4	4	1	3	4	3	4	1	2	1	3	1	4	2	1	3	4	1	5	5	1	13	3	4	1	3	3	1	2	1	1	6	5	6	3	3	6	4	6
 186213 	1	3	1	2	3	2	1	4	5	6	3	2	3	4	1	3	4	3	5	1	1	3	2	6	4	1	4	5	1	3	4	3	4	4	1	1	3	1	4	1	1	1	1	2	5	2	3	1	4	4	4	2	4	2	6	1	6	4	4	4	6	3	1	4	1
 186214 	1	4	1	2	3	2	4	4	5	6	3	2	3	4	1	3	2	3	5	1	1	3	2	6	4	1	4	5	1	3	4	6	4	4	1	1	3	1	4	3	1	3	1	4	5	2	1	1	4	4	2	2	3	2	1	3	1	4	2	1	6	2	5	4	2
 186215 	1	3	1	2	3	2	1	4	5	6	3	2	3	4	1	3	4	3	5	1	1	3	2	1	0	1	4	5	1	3	2	3	4	4	1	1	1	1	4	3	1	1	4	4	5	5	2	3	2	2	3	3	3	2	6	4	6	6	4	4	5	2	1	5	5
 186216 	1	4	1	2	3	2	4	4	5	6	3	2	3	4	1	3	4	3	5	1	1	3	2	6	4	1	4	5	1	3	4	3	4	2	1	1	3	1	4	2	1	1	4	2	5	4	2	1	4	4	2	5	3	2	3	1	6	3	6	6	6	5	5	1	4
 186217 	1	3	1	2	3	2	1	4	5	6	0	2	3	4	1	3	4	3	5	1	1	3	2	6	4	1	4	5	1	3	4	3	4	4	1	1	3	1	4	4	1	1	4	0	5	4	3	3	4	4	4	6	2	2	4	1	6	3	1	3	3	2	1	3	4
 186218 	2	3	1	2	3	2	1	4	5	6	3	1	3	4	1	3	4	3	5	1	1	3	2	1	4	1	3	5	1	3	4	3	4	4	1	1	2	1	4	3	2	6	4	2	2	4	2	1	1	2	3	2	3	4	3	1	2	5	2	5	3	2	3	5	4
 186219 	2	4	1	2	3	2	4	4	5	6	3	2	3	4	1	3	4	3	5	1	1	3	2	6	4	1	4	5	1	3	4	3	4	4	1	1	3	1	4	3	1	3	4	2	5	5	2	3	4	2	3	5	3	3	5	3	3	1	1	2	6	5	6	1	1
 186220 	1	2	1	2	3	2	1	4	5	6	3	2	3	4	1	3	4	3	5	1	1	3	2	6	4	1	4	5	1	3	4	3	4	4	1	1	3	1	4	3	1	3	4	2	5	3	2	3	1	2	2	5	4	2	6	1	6	5	1	2	1	5	6	5	1
 186221 	1	4	1	2	3	2	4	6	5	6	3	2	3	4	1	3	4	3	5	1	1	3	2	6	4	1	4	5	1	3	4	3	4	4	1	1	1	1	4	3	6	3	4	2	5	3	2	3	4	3	2	3	4	2	2	1	6	5	1	4	1	2	6	4	1
 186222 	1	4	1	2	3	2	1	4	5	6	3	2	3	4	1	3	4	3	5	1	1	3	2	6	4	1	4	5	1	3	2	3	4	4	4	1	1	1	4	3	6	3	4	2	5	5	2	3	4	2	1	3	4	2	2	4	4	5	1	4	1	2	6	4	1
 186223 	1	4	1	2	3	2	1	4	5	6	3	2	3	4	1	3	4	3	5	1	1	3	2	6	4	1	4	5	1	3	4	3	4	4	1	1	3	1	4	3	1	3	4	2	5	3	2	3	3	2	1	5	4	2	6	1	6	5	1	3	3	5	6	3	1
 186224 	1	4	1	2	3	2	4	4	5	2	3	2	3	4	1	3	4	3	5	1	1	4	2	6	4	1	4	5	1	3	4	2	4	4	0	1	3	1	4	1	1	4	4	2	3	2	2	3	4	4	2	3	2	4	3	1	2	2	1	4	1	3	4	2	4
 186225 	1	4	1	2	3	2	1	4	5	6	3	3	3	4	1	3	4	6	5	1	1	3	6	6	4	1	3	5	1	3	4	2	4	4	1	1	3	1	4	1	1	3	4	2	3	2	2	5	5	4	3	1	5	4	1	4	3	6	6	1	3	3	4	2	2
 186226 	2	4	1	2	3	2	1	4	5	6	3	2	3	4	1	3	4	3	5	1	1	3	2	6	4	1	4	5	1	3	4	3	6	4	5	1	3	1	4	2	1	1	0	5	4	2	1	4	3	4	1	4	4	4	2	4	6	4	1	6	5	2	2	5	5
 186227 	1	4	1	2	3	2	1	4	5	6	3	2	0	4	0	3	4	3	5	1	1	3	2	6	4	1	4	5	1	3	4	2	4	2	1	1	5	1	4	3	6	3	4	2	5	3	2	3	3	2	1	5	4	2	2	1	6	5	1	4	1	2	6	1	1
 186228 	1	3	1	2	3	2	1	4	5	6	3	2	3	4	1	1	4	3	5	1	1	3	2	6	4	1	4	5	1	2	3	2	3	4	1	1	3	1	4	3	1	3	4	2	5	4	2	2	4	4	3	4	2	2	6	1	4	4	1	2	4	5	1	5	2
 186229 	2	4	1	2	3	2	5	4	5	6	3	2	3	4	1	3	4	3	5	1	1	3	2	6	4	1	4	5	1	3	4	3	4	4	1	1	3	1	4	3	1	3	4	2	5	5	3	5	2	2	1	3	5	2	2	4	6	4	1	3	1	2	6	3	1
 186230 	1	3	1	2	3	2	1	4	5	6	3	2	3	4	1	3	4	3	5	1	1	3	2	6	4	1	4	5	1	3	4	3	4	4	1	1	1	1	4	1	1	3	4	2	5	2	5	1	2	2	3	4	4	2	4	4	4	3	1	3	3	6	3	4	3
 186231 	1	2	1	2	3	2	1	4	5	6	3	2	3	4	1	3	4	3	5	1	1	3	2	6	4	1	4	5	1	3	4	6	4	4	3	1	2	1	4	4	1	3	4	2	5	5	2	1	2	2	2	4	4	1	6	3	6	0	1	2	3	4	2	4	1
 186232 	1	3	1	2	3	2	1	4	5	6	3	2	3	4	1	3	4	3	5	1	1	3	2	6	4	1	4	5	1	3	4	2	4	4	1	1	3	1	4	3	1	1	1	3	5	3	3	3	2	4	1	3	2	3	2	1	6	2	1	4	3	5	6	5	1
 186233 	1	2	1	2	3	2	4	4	5	6	3	2	3	4	1	3	4	3	5	1	1	3	2	6	4	1	4	5	1	3	4	3	4	4	1	5	3	1	4	4	1	1	4	4	5	4	3	1	2	4	1	3	3	2	2	4	3	4	4	2	6	2	2	4	1
 186234 	2	4	1	2	3	2	4	4	5	6	3	2	3	2	1	3	4	3	5	1	1	3	2	6	4	1	4	4	1	3	4	3	4	5	1	1	3	1	4	2	1	1	4	3	5	4	2	3	2	3	3	2	4	1	3	4	6	6	1	2	6	6	5	1	5
 186235 	1	4	1	2	3	2	1	4	5	3	6	2	3	4	1	3	4	3	5	1	1	3	2	6	4	1	4	5	1	5	4	2	4	3	1	1	1	1	4	3	1	1	2	4	5	5	4	1	2	3	4	3	2	1	5	4	3	4	4	3	6	2	6	1	1
 186236 	1	3	1	2	3	2	1	4	5	6	3	2	3	4	1	3	4	3	5	1	1	3	2	6	4	1	4	5	1	3	4	3	4	4	1	1	1	1	4	4	1	3	4	2	5	2	5	2	2	2	3	4	3	4	2	2	6	4	1	2	3	6	3	5	3
 186237 	1	3	1	2	3	2	4	4	5	6	3	2	3	4	1	3	4	3	5	1	1	3	2	6	4	1	4	5	1	3	4	3	4	4	1	5	3	1	4	1	1	1	4	3	5	5	1	13	4	4	3	4	5	2	1	3	6	4	1	2	3	4	3	2	1
 186238 	1	3	1	2	3	2	4	4	5	6	3	2	3	4	1	3	4	3	5	1	1	3	2	1	4	1	4	5	1	3	4	3	4	4	1	1	3	1	4	3	1	1	4	3	5	2	2	1	4	1	3	5	6	3	4	4	2	4	1	2	4	2	4	5	4
 186239 	1	4	1	2	3	2	4	4	5	6	3	2	3	4	1	3	4	3	5	1	1	3	2	6	4	1	4	5	1	3	4	3	4	5	1	1	3	1	4	3	1	3	4	2	5	0	3	0	1	2	1	6	3	4	4	4	6	2	5	5	1	3	3	4	6
 186240 	0	0	1	2	3	2	1	4	5	5	4	2	3	4	1	3	4	3	5	1	1	3	2	6	4	1	4	5	1	3	4	3	4	4	1	1	1	1	4	4	2	1	1	3	5	2	4	3	1	4	2	2	2	5	3	5	3	3	2	4	3	4	4	5	5
 186241 	1	2	1	2	3	2	1	4	5	6	3	2	3	4	1	3	4	3	5	1	1	3	2	6	4	1	4	5	1	3	4	3	4	4	1	1	3	1	4	3	1	1	4	2	5	5	2	1	2	2	4	6	5	1	3	4	3	4	2	4	3	4	2	4	1
 186242 	1	4	1	2	3	2	1	4	5	6	3	2	3	4	1	3	4	3	5	1	1	3	2	1	4	1	4	5	1	4	2	3	4	4	1	1	3	1	4	3	1	3	4	4	5	2	2	2	2	2	3	5	2	1	5	4	3	4	4	2	5	2	6	1	1
 186243 	1	0	1	2	3	2	1	4	5	6	3	2	0	4	1	3	4	3	0	1	1	3	2	6	4	1	4	0	0	3	0	0	4	4	1	1	0	1	4	3	1	3	4	3	5	0	0	0	2	3	3	2	2	4	5	4	0	2	1	3	3	3	1	2	3
 186244 	1	3	1	2	3	2	1	4	5	6	3	2	3	4	1	3	4	3	5	1	1	3	2	6	4	1	4	5	1	3	4	3	4	4	2	1	3	1	4	3	2	6	4	3	5	5	4	5	4	3	2	1	1	2	2	4	6	3	4	3	3	3	5	3	4
 186245 	1	3	1	2	3	2	4	4	5	6	3	2	3	4	1	3	4	3	5	1	1	3	2	6	4	1	4	3	1	3	4	3	4	4	1	1	3	1	4	4	1	1	4	3	5	2	2	3	2	2	2	3	2	3	3	2	1	2	1	2	5	4	3	4	2
 186246 	12	4	1	2	3	2	1	4	5	6	3	2	3	4	1	3	4	3	5	1	1	3	2	6	3	1	4	5	1	3	4	3	4	4	1	5	3	1	4	3	1	3	6	2	5	4	2	3	1	3	3	4	3	3	4	5	4	3	1	4	5	2	5	4	5
 186247 	2	4	1	2	3	2	1	4	5	6	3	2	3	4	1	3	4	3	5	1	2	3	2	6	4	1	4	5	1	3	4	4	4	5	3	1	3	5	4	3	1	3	4	1	5	4	3	1	4	3	3	4	4	4	4	4	5	4	5	2	3	4	5	3	4
 186248 	1	3	1	2	3	2	1	4	5	6	3	0	3	2	3	1	0	2	4	3	5	1	2	2	4	1	4	5	1	3	4	3	4	5	1	1	3	1	4	3	1	1	4	4	5	4	2	5	1	2	3	3	4	2	2	1	3	1	1	3	3	2	5	4	1
 186249 	2	3	1	2	3	2	0	4	3	3	0	2	3	4	1	5	4	3	5	1	1	3	2	6	4	1	4	5	1	2	3	3	4	5	1	1	3	1	4	2	1	3	4	1	2	3	2	1	2	4	2	1	3	2	4	1	3	1	3	5	3	6	6	4	4
 186250 	2	3	1	2	3	2	1	4	5	6	3	2	3	4	1	3	4	3	5	1	1	3	4	6	4	1	4	5	1	3	4	3	4	4	1	1	3	1	4	3	1	1	4	3	5	4	2	1	4	3	4	4	5	2	3	4	3	1	2	4	3	3	6	5	1
 186251 	1	3	1	2	3	2	1	4	5	6	3	2	3	4	1	3	4	3	5	1	1	3	2	6	4	1	4	5	1	3	4	3	4	4	2	1	3	1	4	3	2	3	4	3	5	5	2	1	1	2	4	1	3	1	6	4	1	2	3	2	3	2	5	3	1
 186252 	1	3	1	2	3	2	1	4	5	6	3	2	3	4	1	3	4	3	5	1	1	3	2	6	4	1	4	5	1	3	4	3	4	4	1	1	3	1	4	3	1	1	4	4	5	2	2	1	2	2	3	3	2	2	2	3	3	2	1	6	3	3	2	4	1
 186253 	2	0	1	2	3	2	1	4	5	6	3	2	3	4	1	3	4	3	5	1	1	3	2	6	4	1	3	5	1	4	4	3	4	4	3	6	3	4	4	3	4	3	2	1	2	2	3	3	4	0	3	4	5	2	5	1	6	4	1	1	3	2	1	4	1
 186254 	1	4	1	2	3	2	1	4	5	2	3	2	3	4	1	3	4	3	5	1	1	3	2	6	4	1	4	5	1	3	3	3	4	5	1	1	3	6	4	3	1	3	4	3	3	6	3	3	4	4	3	0	4	4	3	4	0	3	1	6	3	5	2	5	2
 186255 	1	3	1	2	3	2	1	4	5	6	3	2	3	4	1	3	4	3	5	1	1	3	2	6	4	1	4	5	1	3	3	2	4	4	1	1	3	1	4	4	3	1	4	2	5	5	2	3	2	2	4	3	2	1	2	2	6	3	1	3	2	2	1	5	2
 186256 	1	2	1	2	3	2	1	4	6	6	3	4	3	2	3	4	1	3	4	3	5	0	1	1	3	2	6	4	1	4	5	0	1	3	4	3	4	1	3	2	1	3	4	5	3	6	3	3	4	5	2	5	1	3	5	6	2	4	3	5	1	4	2	3	4
 186257 	2	4	1	2	3	2	1	4	5	6	3	2	3	4	1	3	4	3	5	2	1	3	2	6	4	1	4	5	1	3	4	3	4	4	1	1	3	1	4	4	1	3	4	3	1	3	2	3	4	2	3	3	3	2	3	4	2	4	2	2	3	3	6	4	1
 186258 	1	3	1	2	3	2	1	4	5	6	3	2	3	4	1	3	4	3	5	1	1	3	2	6	4	1	4	5	1	3	4	3	4	4	1	1	3	1	4	3	1	1	4	2	5	5	2	1	2	2	4	6	5	2	3	4	3	1	2	4	3	0	3	6	1
 186259 	1	2	1	2	3	2	1	4	5	6	3	2	3	4	1	3	4	3	5	1	1	3	2	6	4	1	4	5	1	3	4	4	4	4	1	1	3	1	4	3	1	1	4	2	5	2	1	1	1	2	4	3	5	3	6	4	6	4	1	3	3	3	2	3	1
 186260 	1	3	2	2	3	2	1	4	5	6	3	2	3	4	1	3	4	3	5	1	1	3	2	6	4	1	4	5	1	3	4	3	4	4	2	1	3	2	4	2	1	3	3	5	5	4	3	1	1	2	4	3	3	2	5	1	6	2	1	5	1	2	2	3	5
 186261 	1	3	1	2	3	2	1	4	5	6	3	2	3	4	1	3	4	1	2	2	3	2	4	3	1	5	5	2	6	2	4	4	2	2	2	5	2	1	4	1	1	1	5	3	2	5	4	2	4	4	2	1	6	2	2	1	4	3	4	1	1	2	4	5	3
 186262 	0	0	1	2	3	2	4	4	5	6	3	1	3	4	1	3	4	3	5	1	1	3	2	6	2	1	4	6	1	3	1	3	4	3	3	1	1	1	4	0	1	1	3	4	4	3	5	2	1	4	3	1	4	5	2	4	1	6	4	1	6	2	1	3	4
 186263 	3	0	1	2	3	2	1	4	5	6	3	2	3	4	1	3	4	3	5	1	1	3	2	6	2	1	3	5	1	1	4	3	3	4	1	1	1	1	4	1	1	1	2	2	2	5	2	3	4	4	1	3	1	2	2	4	0	4	1	1	0	1	2	3	5
 186264 	3	4	1	2	3	2	1	4	5	6	3	2	3	4	1	3	2	3	5	3	1	3	2	6	4	2	4	5	1	3	4	2	4	4	4	1	1	1	3	2	1	1	1	2	2	3	3	3	4	3	2	3	1	2	3	4	4	5	1	5	2	5	5	6	3
 186301 	2	3	1	2	3	2	4	4	5	6	3	2	3	4	1	3	4	3	5	1	1	3	2	6	4	1	4	5	1	3	2	3	4	4	1	1	3	1	4	3	1	1	4	2	5	5	1	1	1	4	2	3	3	4	4	4	3	4	3	4	3	5	6	4	5
 186302 	2	3	1	2	3	2	4	4	5	6	3	2	3	4	1	3	4	3	5	1	1	3	2	6	4	1	4	5	1	3	2	3	4	1	1	2	3	1	4	3	4	1	4	2	5	4	2	1	1	2	2	4	4	2	4	4	2	3	1	1	1	3	6	6	5
 186303 	1	4	1	2	3	2	1	4	5	6	3	2	3	4	1	3	4	3	5	1	1	3	2	6	4	1	4	5	1	3	2	2	4	4	1	1	3	1	4	3	1	1	4	2	5	2	2	3	2	6	3	3	3	2	4	1	4	6	4	2	5	4	2	4	1
 186304 	1	3	1	2	3	2	1	4	5	6	3	2	3	4	1	3	4	3	5	1	1	3	2	6	4	1	4	5	1	3	4	6	2	4	5	1	3	1	4	3	2	3	4	4	5	2	2	1	1	2	1	2	4	1	4	2	2	3	1	1	3	6	6	4	1
 186305 	1	3	1	2	3	2	1	4	5	6	3	2	3	4	1	3	4	3	5	1	1	3	2	6	4	1	4	5	1	3	4	2	4	5	1	1	5	5	4	4	1	1	4	3	5	2	2	1	2	2	3	5	2	3	6	2	1	2	5	1	3	6	4	4	1
 186306 	1	4	1	2	3	2	1	4	5	6	3	2	3	4	1	3	4	3	5	1	1	3	2	6	4	5	4	5	1	3	4	3	4	4	1	1	3	1	4	1	1	3	4	1	2	5	2	3	2	2	4	4	3	1	5	3	6	3	4	4	3	2	3	1	5
 186307 	1	4	1	2	3	2	2	4	5	6	3	2	3	4	1	3	4	3	5	1	1	3	5	6	4	1	4	5	1	3	4	3	4	4	1	1	3	1	4	2	1	3	4	2	5	0	4	1	3	2	4	3	6	1	3	3	3	1	1	4	3	5	6	5	3
 186308 	2	4	1	2	3	2	4	4	5	6	3	2	3	4	1	3	4	3	5	1	1	3	2	6	4	1	4	5	1	3	2	3	4	4	1	5	3	1	4	3	1	3	4	3	5	5	2	2	2	2	4	5	2	1	3	1	3	4	1	3	3	5	6	4	3
 186309 	1	3	1	2	3	2	1	4	5	6	3	2	3	4	1	3	4	3	5	1	1	3	2	6	4	1	4	5	1	3	4	4	4	4	1	1	3	1	4	3	1	1	5	2	5	2	2	1	2	2	4	5	3	1	2	4	6	4	2	3	1	3	5	5	1
 186310 	1	4	1	2	3	2	1	4	5	6	3	2	3	4	1	3	4	3	5	1	1	3	2	6	4	1	4	5	1	3	4	3	4	4	1	1	3	1	4	3	1	1	4	2	5	4	2	1	2	4	4	3	2	1	2	2	6	4	1	4	3	3	4	5	1
 186311 	1	4	1	2	3	2	1	4	5	6	3	2	3	4	1	3	4	3	5	1	1	3	2	6	2	1	4	5	1	3	4	2	4	4	1	1	3	1	4	1	1	1	4	2	5	5	3	1	1	3	4	3	3	4	3	4	4	4	1	1	6	3	6	4	4
 186312 	2	4	1	2	3	2	1	4	5	6	3	2	3	4	1	3	4	3	5	1	1	3	2	6	4	1	3	5	1	3	4	2	4	4	1	1	3	1	4	3	3	1	1	2	5	5	5	3	1	3	2	3	4	3	2	4	1	3	1	3	3	6	3	1	5
 186313 	1	4	1	2	3	2	1	4	5	6	3	2	3	4	1	3	4	3	5	1	1	3	2	6	4	1	4	5	1	3	4	3	4	4	1	1	3	1	4	3	1	1	4	2	5	2	2	3	2	2	3	3	5	1	2	3	6	5	1	4	3	2	4	4	4
 186314 	1	3	1	2	3	2	1	4	5	6	3	2	3	4	1	3	4	3	5	1	1	3	2	6	4	1	4	5	1	3	4	2	4	4	1	1	3	1	4	3	1	3	4	2	5	2	2	1	2	2	3	3	3	1	6	2	2	1	1	0	0	0	6	4	1
 186315 	2	3	1	2	3	2	1	4	5	6	3	2	3	4	1	3	4	1	5	1	1	3	2	6	4	1	4	5	1	3	4	3	4	4	1	1	3	1	4	1	1	3	4	4	2	2	2	1	4	3	1	2	2	1	2	4	1	2	2	2	1	5	5	3	3
 186316 	1	3	1	2	3	2	1	4	5	6	3	4	3	4	1	3	4	3	5	1	1	3	2	6	4	1	4	5	1	3	4	2	4	4	1	1	3	1	4	3	1	1	1	3	5	5	2	3	1	2	4	3	3	1	1	1	1	4	3	6	3	3	4	4	1
 186317 	2	4	1	2	3	2	1	4	5	6	3	2	3	4	1	3	4	3	5	1	1	3	2	6	4	1	4	5	1	3	4	3	4	5	1	5	1	5	4	2	3	1	4	4	2	4	3	3	2	2	2	3	3	2	5	4	4	2	1	2	6	3	6	5	4
 186318 	1	4	1	2	3	2	1	4	5	6	3	2	3	5	1	3	4	3	5	1	1	3	2	1	4	1	4	5	1	3	4	3	4	4	1	1	3	5	4	3	1	1	4	3	5	5	2	3	2	2	1	3	6	1	5	2	4	3	1	2	5	6	2	5	2
 186319 	2	3	1	2	3	2	4	4	5	6	3	2	3	4	1	3	4	3	5	1	1	3	2	6	4	1	4	5	1	4	2	3	4	5	1	1	3	1	4	2	1	1	4	2	5	5	2	1	4	4	3	5	5	2	6	1	1	3	1	6	3	2	6	5	5
 186320 	1	4	1	2	3	2	1	4	5	6	3	2	3	4	1	3	4	6	5	1	1	3	2	6	4	1	4	5	1	3	4	2	4	1	1	1	3	1	4	2	2	1	5	4	2	5	4	1	2	2	4	3	4	1	6	2	3	1	1	4	3	6	4	5	5
 186321 	1	4	1	2	3	2	1	4	5	6	3	2	3	4	1	3	4	3	5	2	1	3	2	6	4	1	4	5	1	3	4	2	4	4	1	1	3	1	4	4	1	1	4	4	5	4	5	1	2	2	3	2	5	2	6	3	5	2	2	6	3	3	1	5	1
 186322 	1	3	1	2	3	2	1	4	5	6	3	2	3	4	1	3	4	3	5	1	1	3	2	6	2	1	4	5	1	3	2	3	4	2	2	1	3	1	4	4	1	1	4	2	5	4	3	3	4	4	2	3	5	2	6	4	6	4	3	4	3	4	3	4	1
 186323 	2	4	1	2	3	2	4	4	5	6	3	2	3	3	1	3	4	3	5	1	1	3	2	6	4	1	4	5	1	3	4	3	4	4	1	1	1	1	4	3	1	3	4	2	5	5	2	1	2	2	4	3	3	4	1	4	6	1	1	2	4	3	4	4	1
 186324 	1	4	1	2	3	2	4	4	5	6	3	2	3	4	1	3	4	3	5	1	1	2	2	6	4	1	4	5	1	3	4	2	4	4	1	1	3	1	4	3	1	1	1	2	5	5	2	1	4	2	3	3	3	1	6	4	3	1	1	6	3	3	4	5	4
 186325 	1	4	1	2	3	2	1	4	5	6	3	2	3	4	1	3	4	3	5	1	6	3	2	6	4	1	4	5	1	4	4	3	4	4	2	1	3	2	4	3	1	3	1	4	5	5	3	3	1	2	4	3	3	1	4	1	1	3	4	4	3	2	6	4	5
 186326 	1	3	1	2	3	2	4	4	5	6	3	2	3	4	1	3	4	3	5	1	1	3	2	6	3	1	4	5	1	3	2	3	4	4	1	1	3	1	4	3	1	3	4	3	5	2	2	3	1	2	1	3	2	1	5	3	6	3	1	5	6	6	3	4	4
 186327 	2	3	1	2	3	2	4	4	5	6	3	2	3	4	1	3	4	3	5	1	1	3	2	6	4	1	4	5	1	3	4	3	4	4	6	1	3	1	4	1	1	1	4	2	5	2	3	2	4	3	3	1	2	2	6	4	1	3	1	5	1	2	1	3	3
 186328 	1	4	1	2	3	2	1	4	5	6	3	2	3	4	1	3	4	3	5	1	1	3	4	6	4	1	4	5	1	3	4	3	4	2	1	1	3	1	4	3	1	3	1	2	5	5	2	3	2	4	4	3	2	3	5	3	3	1	1	3	3	2	1	5	5
 186329 	1	3	1	2	3	2	4	4	5	6	3	0	2	3	4	1	3	4	3	5	1	3	2	6	4	1	4	5	1	3	2	3	4	4	2	1	5	1	4	3	1	1	4	1	5	4	2	1	1	2	4	2	2	1	6	2	1	5	1	6	1	3	1	5	2
 186330 	2	3	1	2	3	2	1	4	5	6	3	2	3	4	1	3	4	3	5	1	1	3	2	6	4	1	4	5	1	3	4	3	4	4	1	1	3	1	4	3	1	3	4	2	5	4	3	3	4	4	3	3	3	2	3	4	2	4	1	4	3	3	4	4	3
 186331 	1	4	1	2	3	2	1	6	5	6	3	2	3	3	1	3	0	4	3	5	1	1	2	6	3	5	0	4	4	5	4	3	4	4	1	1	3	1	5	4	4	3	3	3	5	4	2	2	2	2	2	3	2	1	5	1	4	3	4	6	3	4	1	5	5
 186332 	2	3	1	2	3	2	1	4	5	6	3	2	3	4	1	3	4	3	5	1	1	2	2	6	4	1	2	5	1	3	4	4	4	4	2	1	4	1	4	3	1	1	4	4	5	3	3	1	1	2	3	5	6	3	2	3	6	2	1	4	5	5	4	4	1
 186333 	1	3	1	2	3	2	4	4	5	6	3	2	3	4	1	3	4	3	5	1	1	3	2	6	4	1	4	5	1	3	2	3	4	4	1	2	1	2	2	3	1	3	5	4	2	2	3	2	1	2	2	2	2	1	5	2	4	5	2	2	3	6	5	3	1
 186334 	1	4	1	2	3	2	1	4	5	6	3	2	3	4	1	3	4	2	5	1	1	3	2	6	4	1	4	5	1	3	4	3	4	4	3	1	3	1	4	3	1	3	4	2	5	5	2	3	1	2	4	3	2	4	4	3	3	1	4	6	1	5	2	4	1
 186335 	2	3	1	2	3	2	1	4	5	6	3	2	3	4	1	3	4	3	5	3	1	3	2	6	4	1	4	5	1	3	4	3	4	4	1	1	3	1	4	3	1	3	4	3	5	4	3	3	4	4	3	3	3	2	3	4	2	4	1	4	3	3	4	4	3
 186336 	1	4	1	2	3	2	1	4	5	6	3	2	3	4	1	3	4	4	5	1	1	3	2	6	4	1	2	5	1	3	2	3	4	4	1	1	1	1	4	3	1	0	1	4	5	4	2	3	2	3	4	2	2	1	2	3	3	1	2	4	1	5	2	6	1
 186337 	1	3	1	2	3	2	4	4	3	6	3	2	3	4	1	3	4	3	5	1	1	3	3	4	4	1	4	5	1	3	2	3	4	4	1	1	3	1	4	3	1	1	4	2	5	4	2	3	2	2	4	3	2	3	2	3	3	1	4	4	1	5	2	4	3
 186338 	1	3	1	2	3	2	1	4	5	6	3	2	3	4	1	3	4	3	5	1	1	3	2	6	1	2	4	5	1	3	1	2	4	4	1	1	3	1	4	4	1	1	4	2	5	3	2	1	1	2	1	4	2	4	4	3	1	5	1	4	1	5	1	4	6
 186339 	1	3	1	2	3	2	4	4	5	6	3	2	3	4	1	3	4	3	5	1	1	3	2	6	2	1	4	5	1	3	4	2	5	4	5	5	0	3	5	4	2	3	2	4	3	3	5	2	1	4	3	4	6	2	2	4	4	4	3	4	3	5	2	5	4
 186340 	1	3	1	2	3	2	4	4	5	6	3	2	3	4	1	3	4	3	5	1	1	3	2	6	4	1	4	5	1	3	4	3	4	4	1	1	3	1	4	3	1	1	4	2	5	2	2	1	2	2	3	5	3	3	2	3	3	1	4	6	4	2	1	5	5
 186341 	1	4	1	3	3	2	2	4	5	5	4	3	2	4	1	3	0	2	3	3	1	1	3	1	4	1	4	3	1	3	3	3	4	4	3	1	3	1	5	2	4	4	4	1	2	4	2	1	4	4	2	5	2	4	2	4	3	1	4	2	3	5	1	2	4
 186342 	1	3	1	2	3	2	4	4	5	6	3	2	3	4	1	3	4	3	5	1	1	3	2	6	4	1	4	5	1	3	4	3	4	4	1	1	3	1	4	3	3	1	4	2	5	5	2	3	1	4	3	3	3	2	4	4	6	3	1	4	3	3	6	4	5
 186343 	1	3	1	2	3	2	2	4	5	6	3	2	3	4	1	3	4	3	5	1	1	3	2	6	4	1	4	5	1	3	4	3	4	1	1	1	1	1	4	3	1	3	4	2	5	3	4	3	1	4	4	3	3	1	4	2	4	3	4	4	6	1	5	4	5
 186344 	1	4	1	2	3	2	3	4	5	6	3	2	3	4	1	3	4	3	5	1	1	3	2	6	3	1	4	5	1	3	4	2	4	4	1	1	3	1	4	3	1	1	1	4	5	4	2	3	1	2	4	3	3	1	4	3	6	3	3	4	3	2	6	4	5
 186345 	2	3	1	2	3	2	1	4	5	6	3	2	3	4	1	3	4	3	5	1	1	3	2	2	2	1	4	3	1	3	4	3	4	4	1	5	1	1	5	2	4	1	1	1	5	3	2	1	4	3	1	2	3	3	2	3	3	1	4	4	3	4	6	5	6
 186346 	2	3	1	2	3	0	1	5	6	3	2	3	4	1	3	4	3	5	1	1	3	0	2	6	4	0	4	5	1	3	4	3	4	4	1	1	3	1	4	3	1	3	4	3	5	5	3	3	4	4	3	3	3	2	3	4	2	4	1	4	3	3	4	4	3
 186347 	1	2	1	2	3	2	4	4	5	6	3	2	4	1	3	4	4	0	5	0	1	1	2	3	6	4	1	4	5	1	3	2	4	4	1	3	3	1	4	3	1	3	3	1	2	5	3	3	1	4	4	5	2	4	6	3	6	6	1	4	3	5	4	4	2
 186348 	1	3	1	2	3	2	4	4	5	6	3	2	3	4	1	3	2	3	5	1	1	4	2	6	4	1	4	5	1	4	4	3	4	4	2	1	3	1	4	2	1	1	4	2	5	4	3	1	4	4	2	3	3	1	3	3	6	5	1	4	3	4	4	2	1
 186349 	1	4	1	2	3	2	1	5	5	6	3	2	3	4	1	3	4	3	5	1	1	3	4	6	4	1	4	5	1	3	4	3	4	1	1	1	1	1	4	3	1	3	1	2	5	3	4	3	1	4	4	3	3	4	3	4	2	4	1	4	3	5	4	4	3
 186350 	1	4	1	2	3	2	4	4	5	6	3	2	3	4	1	3	4	6	5	1	1	3	2	6	4	1	4	5	1	4	4	2	4	4	1	1	4	1	4	3	1	6	4	1	5	4	3	5	4	3	1	5	2	4	4	3	4	5	6	5	3	2	6	6	4
 186351 	1	4	1	2	3	2	4	4	5	6	3	2	3	4	1	3	4	6	5	1	1	3	2	6	4	1	4	5	1	3	4	3	4	4	1	1	3	1	4	3	1	3	4	2	5	5	2	1	2	2	1	3	2	4	5	3	6	6	1	5	6	4	1	4	3
 186352 	2	3	1	2	3	2	1	4	5	6	3	2	3	4	1	3	4	3	5	1	1	3	4	6	4	1	3	5	1	3	4	3	4	4	1	5	1	1	4	3	2	1	4	3	5	2	3	3	3	4	1	3	3	3	2	4	6	3	4	4	3	3	4	3	3
 186353 	1	2	1	2	3	2	4	4	2	5	6	3	2	3	4	1	3	4	3	3	2	3	2	6	4	1	2	5	1	3	2	0	4	4	5	3	1	3	5	3	0	1	5	3	5	4	2	1	1	3	3	3	2	3	2	4	4	3	2	2	3	5	4	3	4
 186354 	1	3	1	2	3	2	4	4	5	6	3	2	3	4	1	3	5	3	5	1	1	3	3	6	4	1	4	5	1	3	4	3	4	4	1	5	3	1	0	2	2	6	4	4	2	6	3	3	1	2	1	2	3	2	2	3	6	3	3	1	1	5	5	3	4
 186355 	1	2	1	2	3	2	1	4	5	6	3	2	3	4	1	3	4	3	5	1	1	3	2	6	4	1	4	5	1	4	4	3	4	4	2	1	3	1	4	3	1	3	4	3	5	3	2	1	1	3	4	3	3	1	2	3	1	5	2	4	3	3	4	2	3
 186356 	1	3	1	2	3	2	4	4	5	6	3	2	3	4	1	3	4	3	5	1	1	3	2	5	4	1	4	5	1	3	4	3	4	1	1	1	3	1	4	3	1	3	1	3	2	4	3	1	1	2	4	3	5	4	6	6	6	5	1	3	3	4	5	4	4
 186357 	0	0	0	0	0	0	0	0	0	0	0	0	0	0	0	0	0	0	0	0	0	0	0	0	0	0	0	0	0	0	0	0	0	0	0	0	0	0	0	0	0	0	0	0	0	0	0	0	0	0	0	0	0	0	0	0	0	0	0	0	0	0	0	0	0
 186358 	1	4	1	2	3	2	1	4	5	6	3	2	3	4	1	3	4	3	5	1	1	3	2	6	4	1	4	5	1	3	4	3	4	4	1	1	3	1	4	3	1	3	1	2	5	4	2	3	1	4	3	3	3	1	5	4	6	5	1	4	5	3	5	5	5
 186401 	3	4	1	2	3	2	4	4	5	6	3	2	3	4	1	3	4	3	5	1	1	3	0	6	4	1	4	5	1	35	4	3	4	1	1	1	3	1	4	3	1	1	4	2	2	3	4	0	2	2	1	1	1	0	3	4	6	1	3	1	5	3	0	1	5
 186402 	2	2	1	2	3	2	1	4	5	6	3	3	2	3	1	3	4	3	5	1	1	3	2	6	4	1	4	5	1	3	4	3	4	2	2	2	3	1	4	3	1	1	4	2	5	3	3	1	2	4	3	3	1	2	4	4	6	3	3	6	3	5	2	5	4
 186403 	2	4	1	2	3	2	4	4	5	3	3	2	3	4	1	3	3	3	5	1	1	3	2	6	4	2	1	5	1	3	4	3	4	4	1	1	1	1	4	3	1	1	4	3	5	5	2	1	1	2	4	3	3	1	3	2	4	3	1	4	6	3	5	4	5
 186404 	1	3	1	2	3	2	4	4	5	6	3	2	3	4	1	3	4	3	5	1	1	3	2	6	4	1	4	5	1	3	4	3	4	4	1	1	3	1	4	3	1	1	4	2	5	2	3	1	1	4	3	3	6	4	2	4	4	3	2	2	6	3	4	4	1
 186405 	1	2	1	2	3	2	4	4	5	6	3	2	3	4	1	3	4	3	5	1	1	3	2	6	4	1	4	5	1	3	4	3	4	4	2	1	3	1	4	3	1	1	1	2	0	2	2	0	1	4	0	3	2	4	0	4	6	4	1	3	3	3	5	3	3
 186406 	2	4	1	2	3	2	4	4	5	6	3	2	3	4	1	3	4	3	5	1	1	3	2	6	4	1	4	5	1	3	4	3	4	1	2	1	3	1	4	2	1	1	1	3	5	2	2	1	4	4	4	3	4	4	3	4	2	4	6	2	1	2	5	4	1
 186407 	1	4	1	2	3	2	4	4	5	6	3	2	3	4	1	3	4	3	5	1	1	3	2	6	4	1	4	5	1	3	4	3	4	1	1	1	3	1	4	4	2	3	1	2	3	2	3	1	2	4	1	3	6	2	2	4	1	1	1	3	3	4	4	4	4
 186408 	2	3	1	2	3	2	0	4	5	2	3	2	3	4	1	3	4	3	5	1	1	3	2	6	4	5	5	5	1	4	2	3	4	4	1	1	3	1	4	2	1	3	4	3	2	3	3	1	2	2	4	3	4	1	5	2	4	1	4	6	6	0	3	1	4
 186409 	1	3	1	2	3	2	4	4	5	6	3	2	3	4	1	3	4	3	5	1	1	3	2	0	4	4	4	5	1	3	4	3	4	1	1	1	3	1	4	1	1	3	4	3	5	4	3	1	4	4	4	4	3	2	4	4	4	5	4	4	1	3	4	5	4
 186410 	2	4	1	2	3	2	4	4	5	6	3	2	3	4	1	3	4	3	5	1	1	3	2	6	4	1	4	5	1	3	4	3	4	4	1	1	3	1	4	1	1	3	4	3	5	4	2	1	4	3	2	3	4	4	4	1	4	3	4	4	2	3	6	3	1
 186411 	1	3	1	2	3	2	1	4	6	6	3	2	3	4	1	3	4	3	5	1	1	3	2	6	4	1	4	5	1	1	4	3	4	4	1	1	3	1	4	4	1	3	3	2	2	1	5	5	2	4	1	1	1	3	2	4	4	1	1	1	3	3	4	3	1
 186412 	0	6	1	2	3	2	1	4	6	5	3	2	3	4	1	3	4	3	5	1	1	3	2	6	4	1	4	5	1	2	4	3	4	5	1	1	35	1	4	4	1	5	4	2	2	1	5	5	0	4	1	4	1	3	2	4	4	1	1	1	6	3	4	3	1
 186413 	1	4	1	2	3	2	4	4	5	6	3	2	3	4	1	3	4	3	5	1	1	3	4	6	4	1	4	5	1	3	4	3	4	4	1	1	3	1	4	4	1	1	4	2	2	6	2	1	1	4	1	5	1	2	4	3	1	6	3	1	6	3	5	5	1
 186414 	1	4	1	2	3	2	4	4	5	6	3	2	3	4	1	3	4	3	5	1	1	3	2	6	4	1	4	5	1	3	4	3	4	5	1	1	3	1	4	4	1	1	4	2	5	5	3	1	4	2	4	3	3	2	6	2	4	1	3	6	3	3	5	3	1
 186415 	2	0	1	2	3	2	4	4	5	6	3	2	3	4	1	3	4	3	5	1	1	3	2	6	4	1	4	5	1	3	4	3	4	0	0	0	0	1	4	4	1	1	4	2	5	5	3	1	4	2	4	0	3	2	6	2	4	1	3	6	3	3	5	3	1
 186416 	0	0	1	2	3	2	1	4	5	6	3	2	3	4	1	3	4	3	5	1	1	3	2	6	4	1	4	5	1	3	2	3	4	4	1	1	3	1	3	3	1	1	6	4	5	3	2	1	1	2	4	3	3	2	4	2	1	5	4	2	6	3	5	4	1
 186417 	1	4	1	2	3	2	1	4	5	6	3	2	3	4	1	3	4	3	5	1	1	3	2	6	3	1	4	5	1	3	4	3	4	4	1	1	1	1	4	3	1	3	1	3	3	3	3	1	2	0	3	2	1	2	4	2	1	3	3	3	0	6	4	3	5
 186418 	2	4	1	2	3	2	1	4	5	6	6	3	3	4	1	3	4	3	5	1	1	3	2	6	4	1	4	5	1	3	4	3	4	2	6	2	2	1	4	4	1	1	3	3	5	3	4	3	1	2	4	5	1	1	2	4	4	4	2	2	3	3	4	6	4
 186419 	1	3	1	2	3	2	1	4	5	6	3	2	3	4	1	1	4	3	5	1	1	3	2	6	4	1	4	5	1	3	4	3	4	4	1	1	3	1	4	3	1	3	1	4	5	3	2	3	1	2	1	3	3	1	2	4	6	3	1	4	6	0	2	3	4
 186420 	2	3	1	2	3	2	4	4	5	6	3	2	3	4	1	3	4	3	5	1	0	3	2	6	4	1	4	5	1	3	4	3	4	4	1	1	3	1	4	4	1	1	4	3	5	5	3	1	2	2	1	3	3	1	5	2	5	1	1	3	6	6	5	2	4
 186421 	3	0	1	2	3	2	4	4	5	6	3	2	3	4	1	3	4	3	5	1	1	3	2	6	4	1	4	5	1	3	2	2	4	4	1	5	2	1	4	4	1	3	4	4	5	4	2	1	2	2	4	2	3	1	3	2	4	3	1	3	4	3	2	5	4
 186422 	1	4	1	2	3	2	4	4	5	6	3	2	3	4	1	3	4	3	5	1	1	4	2	6	4	1	4	5	1	3	4	3	4	5	1	1	3	1	4	1	1	3	4	4	5	6	2	1	2	2	1	3	3	1	2	1	2	6	1	1	5	5	2	6	5
 186423 	1	4	1	2	3	2	4	4	5	6	3	2	0	4	1	3	4	3	5	1	1	3	2	6	4	1	4	5	1	0	4	3	4	5	1	1	3	1	4	3	1	1	4	2	5	5	3	0	2	2	3	3	3	4	6	1	6	1	3	5	0	3	5	3	1
 186424 	2	4	1	2	3	2	2	4	5	6	0	1	3	4	1	3	4	3	5	1	1	3	2	6	4	1	4	5	1	3	4	3	4	1	1	2	3	1	4	1	1	1	4	3	2	2	2	3	4	4	3	2	1	2	2	4	6	6	1	4	3	3	1	1	3
 186425 	1	3	1	2	3	2	1	4	5	6	3	2	3	4	1	3	4	1	5	1	1	3	2	6	4	1	4	5	1	4	1	3	4	4	1	1	2	4	4	2	4	6	5	4	5	4	6	3	4	1	3	3	4	4	3	1	2	5	4	1	6	3	6	3	4
 186426 	4	0	1	2	3	2	1	4	6	6	3	2	3	4	1	3	4	3	5	1	1	3	2	6	4	1	4	5	1	1	4	3	4	5	1	1	3	1	4	3	1	3	4	3	2	4	3	3	2	4	4	1	3	2	5	1	4	6	4	1	3	3	4	5	1
 186427 	1	4	1	2	3	2	4	4	5	6	3	2	3	4	1	3	4	3	3	5	1	1	2	5	4	1	4	5	1	3	4	3	4	1	1	1	2	1	4	1	1	3	4	3	5	4	3	1	2	2	4	3	2	2	4	3	6	3	3	2	1	3	5	3	3
 186428 	0	0	1	2	3	2	4	4	5	6	3	2	3	4	1	3	4	3	5	1	0	3	2	6	4	1	4	5	1	2	2	3	4	4	1	1	3	1	4	3	3	1	6	2	5	5	2	3	2	2	3	1	2	2	2	4	4	2	1	4	3	5	5	3	4
 186429 	2	4	1	2	3	2	1	4	5	6	3	2	3	4	1	3	4	3	5	1	1	3	2	6	4	1	4	5	1	3	4	3	4	14	1	1	3	5	4	3	1	3	4	3	5	5	2	3	1	2	4	5	3	2	3	2	5	4	5	4	5	3	2	4	4
 186430 	1	0	1	2	3	2	4	4	5	6	3	2	3	4	1	3	4	3	5	3	1	4	2	6	4	1	4	5	1	3	4	3	4	4	1	5	3	1	4	2	1	1	4	2	5	3	2	3	1	4	3	2	1	1	2	3	4	3	2	1	6	3	2	4	4
 186431 	0	0	1	2	3	2	4	4	5	6	3	2	3	4	1	3	4	3	5	1	1	3	2	6	4	1	4	5	1	3	4	3	4	4	1	1	3	1	4	3	1	3	4	2	5	5	0	2	1	1	2	3	3	4	2	3	3	5	3	1	6	3	1	4	4
 186432 	1	3	1	2	3	2	1	4	6	6	3	2	3	3	1	3	3	3	3	2	2	3	2	6	4	1	4	5	1	3	4	3	4	4	1	1	3	1	4	3	1	3	4	2	5	5	1	1	2	2	3	4	3	2	4	4	3	1	3	2	3	4	1	4	4
 186433 	1	4	1	2	3	2	1	4	5	6	3	2	3	3	1	3	4	3	5	3	1	3	2	6	4	1	4	5	1	3	2	3	4	4	1	1	3	1	4	2	2	3	4	3	2	5	2	1	1	4	1	4	3	1	4	4	3	1	4	2	6	3	1	5	2
 186434 	1	4	1	2	3	2	1	4	5	6	3	2	3	4	1	3	4	3	5	1	1	3	2	6	4	1	4	5	1	3	4	3	4	4	1	1	3	1	4	3	1	3	4	2	5	5	2	1	2	2	4	3	5	1	3	3	6	6	5	4	6	3	1	4	4
 186435 	1	3	1	2	3	2	1	4	5	6	3	2	3	4	1	3	4	3	5	1	1	3	2	6	4	1	4	5	1	3	4	3	4	4	1	1	3	1	4	3	1	3	4	2	5	5	2	1	2	2	4	3	2	1	5	4	3	1	3	2	6	2	5	4	4
 186436 	2	4	1	2	3	2	1	4	5	6	3	2	3	4	1	3	4	3	5	1	1	3	2	6	4	1	4	5	1	3	4	3	4	5	1	1	3	1	4	3	1	3	4	4	5	5	3	3	2	2	1	3	3	1	5	2	3	1	4	2	3	2	5	2	1
 186437 	1	4	1	2	3	2	1	4	5	6	3	2	3	4	1	3	4	3	5	1	1	3	3	6	3	1	4	5	1	3	4	3	4	1	1	1	4	1	4	2	1	1	4	4	5	5	5	3	4	4	3	5	2	3	2	4	4	3	1	4	6	2	3	3	4
 186438 	2	3	1	2	3	2	1	4	5	6	3	2	3	4	1	3	4	3	5	1	1	3	2	6	4	5	4	5	1	3	4	3	4	4	6	1	3	1	4	3	1	3	1	0	5	3	2	3	2	2	4	2	4	1	5	4	4	3	3	4	3	2	3	5	4
 186439 	1	3	1	0	3	2	4	4	5	6	3	2	3	4	1	3	4	0	5	1	1	3	2	6	4	1	4	5	1	3	4	2	4	1	1	1	4	1	4	23	1	1	4	4	5	5	2	3	4	4	1	3	3	3	2	4	3	1	1	4	1	2	4	3	4
 186440 	1	4	1	2	3	2	1	4	5	6	3	2	3	4	1	3	4	3	5	1	1	3	2	6	4	1	4	5	1	3	4	3	4	4	1	1	3	1	4	3	1	1	4	2	2	4	2	3	1	3	4	4	3	2	4	4	3	1	3	6	3	2	1	4	1
 186441 	1	3	1	2	3	2	1	4	5	6	3	2	3	4	1	3	4	3	5	1	1	3	2	6	4	2	4	5	1	3	4	3	4	4	2	1	3	1	4	3	1	0	4	2	5	2	2	1	1	2	4	3	3	2	5	4	6	3	1	3	6	4	4	2	1
 186442 	1	3	1	2	3	2	1	4	5	6	3	2	3	4	1	3	4	3	5	1	1	3	2	6	4	1	4	5	1	4	4	3	4	1	1	1	3	1	4	2	1	1	4	0	5	2	3	3	4	3	3	2	4	3	3	1	3	1	4	2	3	3	1	3	4
 186443 	1	0	1	3	3	2	1	4	5	6	3	2	3	4	1	3	4	3	5	1	1	3	2	6	4	1	4	5	1	3	4	2	4	4	1	1	3	2	4	3	3	3	4	4	5	5	3	3	2	2	1	3	3	1	5	2	3	1	4	2	3	2	3	2	1
 186444 	1	3	1	2	3	2	1	4	5	2	3	2	3	4	1	3	4	3	5	1	1	3	2	6	4	1	4	5	1	3	4	3	4	4	1	1	3	1	4	3	1	0	1	3	5	5	1	3	2	2	3	4	3	2	4	4	3	1	3	2	3	4	1	4	4
 186445 	1	0	1	2	3	2	1	4	5	6	3	2	3	4	1	3	4	3	5	1	1	3	2	6	4	1	4	5	1	3	4	3	4	4	2	1	3	1	4	3	1	1	4	2	5	2	2	1	1	2	3	3	3	2	5	4	6	3	1	3	6	4	4	2	1
 186446 	1	3	1	2	3	2	1	4	5	6	3	2	3	4	1	3	4	3	5	1	1	3	2	6	4	1	4	5	1	3	2	3	4	4	1	1	3	1	4	3	1	3	4	2	5	5	2	1	2	2	3	3	4	2	3	1	1	3	1	4	6	5	5	4	4
 186447 	2	3	1	2	3	2	1	4	5	6	3	2	3	4	1	3	4	3	5	1	1	3	2	6	4	1	4	5	1	3	4	3	4	4	1	1	3	1	4	3	1	3	4	2	5	4	2	3	2	2	3	3	2	2	5	2	6	6	1	5	6	5	5	4	4
 186448 	2	4	1	2	3	2	1	4	5	6	3	2	3	4	4	3	4	3	6	3	6	3	3	4	4	2	4	5	1	3	3	3	4	4	1	1	3	1	4	3	1	3	4	3	5	2	2	3	1	2	4	3	3	2	3	4	4	1	6	4	5	4	3	4	4
 186449 	1	4	1	2	3	2	1	4	5	6	3	2	3	4	1	3	4	3	5	1	1	3	2	6	4	1	4	5	1	3	2	3	4	4	1	5	3	1	4	3	3	3	3	3	5	4	2	3	2	4	1	3	3	2	2	4	4	4	1	3	1	5	5	3	4
 186450 	1	4	2	3	3	2	4	4	5	6	3	2	3	4	1	3	4	3	5	1	1	3	2	6	4	1	4	5	1	3	2	3	4	4	1	1	3	1	4	3	1	1	4	3	5	2	2	3	2	2	4	3	3	1	2	4	6	3	1	3	6	3	2	5	4
 186451 	1	0	2	2	3	2	4	4	5	3	3	2	3	4	1	3	4	3	5	1	1	3	2	6	4	2	4	5	1	3	2	3	4	4	1	1	3	1	4	3	1	1	4	2	5	3	2	3	1	2	1	3	2	0	5	1	4	3	1	3	2	2	1	5	4
 186452 	1	3	1	2	3	2	4	4	5	6	3	2	3	3	2	3	4	3	5	1	1	3	2	6	4	1	4	5	1	3	2	2	4	2	1	1	3	1	4	3	1	1	4	2	2	2	2	3	1	2	2	3	2	3	5	4	4	6	3	3	2	6	5	0	3
 186453 	2	0	1	2	3	2	4	4	5	3	3	2	3	4	1	3	4	3	5	1	1	3	2	6	4	1	4	5	1	3	4	3	4	4	1	1	3	1	4	2	1	0	4	2	5	3	2	3	4	4	3	3	3	2	2	4	4	3	1	4	3	2	4	3	4
 186454 	1	4	1	2	3	2	4	4	5	6	3	2	3	4	1	3	4	3	5	1	1	3	3	5	4	1	4	5	1	5	4	3	4	4	1	1	3	1	4	2	1	3	4	2	5	2	2	5	4	4	1	3	3	3	3	4	1	5	4	4	3	3	4	4	2
 186455 	2	4	1	2	3	2	1	4	5	6	3	2	3	4	1	3	4	3	3	1	1	3	2	6	4	1	4	5	1	3	4	3	4	4	1	1	3	5	4	3	1	3	4	3	5	5	2	1	4	2	2	3	3	2	5	4	3	1	3	4	5	3	3	4	4
 186456 	1	0	1	3	3	2	1	0	5	6	3	2	4	2	1	3	4	3	3	1	4	4	2	6	4	4	4	5	1	1	3	3	4	1	1	1	5	1	1	3	1	1	4	3	3	3	2	3	1	3	3	3	1	4	2	1	4	6	2	1	2	5	4	1	3
 186457 	2	4	1	2	3	2	4	2	4	6	3	3	4	1	3	4	4	3	3	1	6	3	2	6	0	1	4	3	5	1	3	4	4	3	4	1	3	5	4	2	5	3	4	2	2	4	1	3	3	3	2	3	4	4	5	1	1	1	3	6	6	2	5	5	4
 186458 	4	0	1	2	3	2	1	4	5	2	3	2	3	4	0	3	4	3	5	1	1	3	5	6	4	1	1	5	1	3	4	2	4	4	4	1	2	2	4	3	2	3	1	3	2	4	3	5	4	4	4	4	4	1	2	1	6	1	4	6	3	5	3	4	3
 186459 	0	0	0	0	0	0	0	0	0	0	0	0	0	0	0	0	0	0	0	0	0	0	0	0	0	0	0	0	0	0	0	0	0	0	0	0	0	0	0	0	0	0	0	0	0	0	0	0	0	0	0	0	0	0	0	0	0	0	0	0	0	0	0	0	0
 186501 	1	4	1	2	3	2	1	4	5	6	3	2	3	4	1	3	4	3	5	1	1	3	2	6	4	1	4	5	1	3	4	3	4	4	1	1	3	1	4	3	1	3	4	2	5	4	2	3	2	2	3	4	3	1	5	4	1	3	1	6	3	3	5	4	1
 186502 	2	3	1	2	3	2	1	4	5	6	3	2	3	4	1	3	4	3	5	1	1	3	2	6	4	1	4	5	1	3	4	3	4	5	1	1	3	1	4	3	1	3	4	3	5	0	2	1	4	4	4	3	3	1	4	3	6	3	1	4	3	3	1	4	4
 186503 	1	4	1	2	3	2	1	4	5	6	3	2	3	4	1	3	4	3	5	1	1	3	2	6	4	1	4	5	1	3	4	3	4	4	2	1	1	1	4	3	1	1	4	2	5	3	2	1	2	4	3	3	2	4	2	4	3	6	1	1	3	2	4	5	1
 186504 	2	4	1	2	3	2	1	4	5	6	3	2	3	4	1	3	4	3	5	1	1	3	2	6	4	1	4	5	1	3	4	3	4	5	1	1	3	1	4	3	1	3	4	2	5	5	4	1	1	4	4	4	5	4	4	4	6	3	6	3	1	3	4	4	3
 186505 	2	4	1	2	3	2	3	4	5	6	3	2	3	4	1	3	4	3	5	1	1	3	2	6	4	1	4	5	1	3	4	3	4	5	1	1	3	1	4	3	1	3	4	2	5	5	3	1	1	4	4	4	3	1	4	4	6	3	6	4	1	3	1	4	3
 186506 	1	4	1	2	3	2	1	4	5	6	3	2	3	4	1	3	4	3	5	1	1	3	2	6	4	1	4	5	1	3	4	3	4	4	1	1	3	1	4	3	1	0	4	0	5	4	3	1	2	2	4	3	3	1	4	4	3	1	6	3	3	5	1	4	1
 186507 	1	4	1	2	3	2	1	4	5	6	3	2	3	4	1	3	4	3	5	1	1	3	2	6	4	1	4	5	1	3	4	3	4	4	1	1	3	1	4	3	1	3	4	2	2	4	2	3	2	4	3	4	3	1	4	3	1	3	3	6	3	4	5	4	1
 186508 	2	4	1	2	3	2	1	4	5	6	3	2	3	4	1	3	4	3	5	1	1	3	2	6	4	1	4	5	1	3	4	2	4	4	1	1	3	1	4	3	1	1	4	2	5	5	2	1	2	2	4	3	3	1	4	3	3	3	1	2	1	4	2	4	1
 186509 	1	3	1	2	3	2	1	4	5	6	3	2	3	4	1	3	4	1	5	1	1	3	2	6	4	1	4	5	1	3	4	3	4	4	1	1	3	1	4	3	1	1	2	4	5	4	2	3	1	4	4	4	3	4	3	1	6	4	3	4	3	3	4	6	3
 186510 	1	4	1	2	3	2	4	4	5	6	3	2	3	4	1	3	4	3	5	1	1	3	5	6	4	1	4	5	1	3	4	3	4	4	1	1	3	1	4	3	1	0	4	2	5	4	2	1	4	4	4	3	4	1	4	3	3	1	3	2	3	5	4	4	1
 186511 	1	4	1	2	3	2	1	4	5	6	3	2	3	4	1	3	4	3	5	1	1	3	2	6	4	1	4	5	1	3	4	3	4	4	1	1	3	1	4	3	1	1	4	2	5	5	2	3	1	4	4	4	3	1	6	4	6	3	3	4	3	4	4	4	1
 186512 	2	3	1	2	3	2	1	4	5	6	3	2	3	4	1	3	4	3	5	1	1	3	2	6	4	1	4	5	1	3	4	2	4	4	1	1	3	1	4	3	1	1	4	2	5	5	2	1	2	2	4	3	3	1	4	3	3	3	1	2	1	4	2	4	1
 186513 	1	3	1	2	3	2	1	4	5	6	3	2	3	4	1	3	4	3	5	1	1	3	2	6	4	1	4	5	1	3	4	3	4	4	2	1	1	1	4	3	1	1	4	2	5	3	2	1	2	2	4	3	3	1	4	3	3	3	1	2	1	4	2	4	1
 186514 	2	4	1	2	3	2	1	4	5	6	3	2	3	4	1	3	4	3	5	1	1	3	2	6	4	1	4	5	1	3	4	3	4	4	1	1	3	1	4	3	1	3	4	2	2	4	2	3	2	4	4	3	3	1	4	4	3	3	1	2	6	5	6	1	1
 186515 	2	4	1	2	3	2	1	4	5	6	3	2	3	4	1	3	4	3	5	1	1	3	2	6	4	1	4	5	1	3	4	2	4	4	1	1	3	1	4	3	1	1	4	2	2	5	3	1	4	4	4	3	3	1	4	4	3	3	6	5	3	3	4	4	3
 186516 	1	3	1	2	3	2	4	4	5	6	3	2	3	4	1	3	4	1	5	1	1	3	2	6	4	1	4	5	1	3	4	3	4	4	1	1	3	1	4	3	1	1	4	2	5	4	2	3	1	3	4	3	5	1	4	4	6	3	3	2	3	4	3	5	4
 186517 	2	4	1	2	3	2	1	4	5	6	3	2	3	4	1	3	4	3	5	1	1	3	2	6	4	1	4	5	1	3	4	3	4	5	1	1	3	1	4	3	1	3	4	2	5	5	3	1	1	4	3	4	2	1	4	4	6	3	1	4	5	3	1	4	3
 186518 	1	3	1	2	3	2	1	4	5	6	3	2	3	4	1	3	4	3	5	1	1	3	2	6	4	1	4	5	1	3	4	3	4	4	1	1	3	1	4	3	1	0	4	2	5	5	2	3	2	2	4	3	3	1	4	3	1	3	1	6	5	3	6	4	5
 186519 	1	3	1	2	3	2	1	4	5	6	3	2	3	4	1	3	4	3	5	1	1	3	2	6	4	1	4	5	1	0	4	0	4	5	1	1	3	1	4	3	1	13	4	2	5	5	3	1	1	4	4	3	2	1	5	4	3	1	0	4	1	3	5	4	1
 186520 	2	3	1	2	3	2	1	4	5	6	3	2	3	4	1	3	4	3	5	1	1	3	2	6	4	1	4	5	1	3	4	3	4	4	1	1	3	1	4	3	1	1	4	2	5	5	2	1	2	2	4	3	3	1	6	4	6	3	1	4	3	3	4	4	1
 186521 	2	3	1	2	3	2	1	4	5	6	3	2	3	4	1	3	4	3	5	1	1	3	2	6	4	1	4	5	1	3	4	3	4	4	1	1	3	1	4	3	1	3	4	2	2	4	2	3	2	4	4	3	3	1	4	3	3	3	1	2	6	5	2	4	1
 186522 	1	3	1	2	3	2	1	4	5	6	3	1	3	4	1	3	4	4	5	1	1	3	3	6	4	1	4	5	1	3	4	2	4	4	1	1	1	1	4	3	1	1	0	2	5	5	3	1	4	2	4	2	3	1	4	4	3	1	1	1	1	3	1	4	1
 186523 	1	4	1	2	3	2	1	4	5	6	3	2	3	4	1	3	4	3	5	1	1	3	2	6	4	1	4	5	1	3	4	3	4	4	1	1	3	1	4	3	1	3	4	0	5	4	3	1	2	2	4	3	3	1	4	4	3	1	6	3	3	5	1	4	1
 186524 	2	3	1	2	3	2	1	4	5	6	3	2	3	4	1	3	4	3	5	1	1	3	2	6	4	1	4	5	1	3	4	3	4	4	1	1	3	1	4	3	1	1	4	2	5	4	2	3	1	4	4	4	3	1	5	4	6	3	3	4	3	3	4	4	1
 186525 	1	4	1	2	3	2	1	4	5	6	3	2	3	4	1	3	4	3	5	1	1	3	2	6	4	1	4	5	1	3	4	2	4	4	1	1	3	1	4	3	1	1	4	2	5	5	3	1	4	2	4	2	3	1	4	4	3	1	4	2	1	3	4	4	1
 186526 	1	3	1	2	3	2	1	4	5	6	3	2	3	4	1	3	4	3	5	1	1	3	2	6	4	1	4	5	1	3	4	3	4	4	1	1	3	1	4	3	1	3	4	2	5	5	2	3	2	2	3	3	4	1	4	2	3	1	3	4	3	3	1	4	5
 186527 	1	4	1	2	3	2	0	0	0	6	3	2	3	4	1	3	4	4	1	6	1	3	5	6	4	1	4	5	1	3	4	3	4	4	1	1	3	1	4	3	1	1	4	2	2	4	3	1	0	4	4	3	4	1	4	3	3	1	3	2	3	3	4	4	1
 186528 	1	4	1	2	3	2	1	4	5	6	3	2	3	4	1	3	4	3	5	1	1	3	2	6	4	1	4	5	1	3	4	2	4	4	1	2	3	1	4	3	1	1	4	4	5	4	3	3	4	4	4	3	3	4	4	3	3	3	3	2	3	5	5	4	1
 186529 	1	3	1	2	3	2	4	4	5	6	3	2	3	4	1	3	4	3	5	1	1	3	2	6	4	1	4	5	1	3	2	2	4	4	1	1	3	1	4	3	1	3	4	4	5	4	5	3	2	4	2	3	3	4	4	4	4	3	1	1	6	2	3	5	4
 186530 	1	4	1	2	3	2	1	4	5	6	6	3	3	4	1	3	4	3	5	1	1	3	2	6	4	1	4	5	1	3	4	3	4	4	1	1	3	5	4	3	1	3	4	3	5	4	4	3	2	4	4	3	3	4	6	4	4	1	1	4	5	4	1	5	4
 186531 	1	3	1	2	3	2	1	4	5	6	3	2	3	4	1	3	4	3	5	1	1	3	2	6	4	1	4	5	1	3	4	2	4	4	1	1	3	1	4	2	0	1	4	2	5	5	2	3	2	4	1	5	3	2	5	2	6	4	1	4	3	5	5	6	3
 186532 	1	4	1	2	3	2	1	4	5	6	3	2	3	4	1	3	4	3	5	1	1	3	2	6	4	1	4	5	1	3	4	3	4	4	1	1	3	1	4	3	3	1	4	2	5	4	2	1	2	2	1	4	3	2	2	1	6	3	4	4	3	5	5	4	1
 186533 	1	4	1	2	3	2	4	4	5	6	3	2	3	4	4	3	4	3	5	3	1	3	2	6	4	1	4	0	1	3	3	5	4	4	1	1	3	3	4	3	1	3	4	4	4	4	3	3	4	3	2	1	4	1	5	1	4	4	3	3	4	5	6	5	2
 186534 	1	4	1	2	3	2	1	4	5	6	3	2	3	4	4	3	4	3	5	3	1	3	2	6	4	1	4	5	1	3	4	4	4	4	1	1	3	2	4	3	1	1	5	4	5	5	2	3	4	2	3	3	2	3	3	3	4	4	4	5	3	6	1	5	2
 186535 	2	4	1	2	3	2	1	4	5	6	3	2	3	4	1	3	4	3	5	1	1	3	2	6	4	1	0	5	1	3	4	3	4	4	1	1	3	1	4	3	1	3	4	3	5	4	4	1	4	3	1	3	4	3	5	4	6	4	1	4	3	3	1	5	5
 186536 	1	3	1	2	3	2	4	4	5	6	3	2	3	4	1	3	0	4	3	5	1	1	2	6	4	1	4	5	1	3	4	2	4	4	1	4	3	1	3	2	1	3	4	2	5	4	2	5	1	4	1	5	3	2	3	4	4	3	1	4	3	5	2	6	4
 186537 	1	2	1	2	3	2	1	4	5	6	3	2	3	4	1	3	4	3	3	1	1	3	2	6	4	1	4	5	1	3	4	3	0	5	1	1	3	1	4	3	1	3	4	3	5	5	1	3	2	2	1	3	3	4	3	1	6	6	3	4	3	1	4	5	4
 186538 	2	4	1	2	3	2	4	4	5	6	3	2	3	4	1	3	4	3	5	1	1	3	2	6	4	1	4	5	1	3	4	2	4	4	1	5	3	1	4	3	1	3	3	3	5	2	2	1	2	3	4	4	4	1	5	1	2	3	1	4	1	2	3	3	2
 186539 	1	3	1	2	3	2	4	4	5	6	3	2	3	4	1	3	4	3	5	1	1	3	2	6	4	6	4	5	1	3	4	3	4	4	1	1	3	1	4	3	1	1	4	4	5	4	2	1	4	4	3	3	3	3	1	1	6	3	1	1	3	4	5	1	5
 186540 	1	3	1	2	3	2	1	4	5	6	3	2	3	4	1	3	4	3	5	1	1	3	2	6	4	1	4	5	1	3	4	3	4	4	1	1	3	1	4	3	2	3	4	0	5	3	2	1	2	2	4	6	2	4	2	4	6	3	4	4	5	4	0	4	1
 186541 	1	4	1	2	3	2	1	4	5	6	3	2	3	4	1	3	4	3	5	1	1	3	2	6	4	1	4	5	1	3	4	2	4	4	1	1	3	1	4	3	1	1	4	4	5	3	2	1	2	2	2	3	3	1	6	4	6	5	2	4	3	3	1	4	1
 186542 	1	3	1	2	3	2	1	4	5	6	3	2	3	4	1	3	4	3	5	1	1	3	2	6	4	1	4	5	1	3	4	2	4	4	1	5	3	1	4	2	1	3	4	2	5	5	2	3	2	4	1	5	3	2	5	2	2	3	1	4	3	5	5	6	3
 186543 	2	4	12	2	3	2	1	4	5	6	3	2	3	4	1	3	4	3	5	1	1	3	2	5	4	5	4	5	1	3	4	3	3	4	1	1	3	1	4	3	2	1	3	3	5	5	2	3	4	3	4	3	3	3	4	4	6	4	1	3	3	4	4	3	4
 186544 	1	4	1	2	3	2	4	4	5	6	3	2	3	2	3	4	1	3	4	1	5	1	1	6	4	1	4	5	1	3	4	2	4	4	1	1	3	1	4	3	1	3	1	2	5	3	2	1	1	4	3	3	5	2	3	1	6	6	2	4	5	3	2	1	6
 186545 	0	3	1	2	3	2	1	4	5	6	3	2	3	4	1	3	4	3	5	1	1	3	2	6	4	1	4	5	1	3	4	3	4	4	1	1	3	1	4	3	1	1	4	4	5	3	2	3	2	2	1	3	2	2	5	4	2	3	1	6	3	5	6	5	5
 186546 	2	4	1	2	3	2	1	4	5	6	3	2	3	4	1	3	4	3	5	1	1	3	2	6	4	1	4	5	1	3	4	3	4	4	1	1	3	1	4	2	3	1	4	2	5	4	2	1	3	4	1	4	3	2	2	1	6	6	4	4	1	5	3	6	1
 186547 	1	3	1	2	3	2	4	4	5	6	3	2	3	4	1	3	4	3	3	1	1	3	2	6	4	1	4	5	1	3	4	3	4	5	1	1	3	1	4	3	1	3	4	4	5	5	2	3	2	2	1	3	2	3	3	4	6	4	4	2	3	4	1	4	1
 186548 	1	3	1	2	3	2	1	4	5	6	3	2	3	4	1	3	4	3	5	1	1	3	2	6	4	1	4	5	1	3	1	4	2	5	1	1	3	1	4	3	2	1	3	3	2	4	3	0	2	3	2	3	5	2	4	1	6	4	2	3	3	3	1	5	4
 186549 	2	2	1	2	3	2	1	4	5	6	3	2	3	4	1	3	4	3	5	1	1	3	2	6	4	1	4	5	1	3	4	3	4	4	1	1	3	1	4	3	1	1	4	4	5	5	4	3	1	2	4	4	1	1	4	4	6	3	1	4	5	5	6	5	4
 186550 	2	2	2	2	3	2	1	4	5	6	3	2	3	4	1	3	4	3	5	1	1	4	2	6	4	1	4	5	1	3	4	3	4	4	1	1	3	1	4	3	1	1	1	3	5	2	2	1	2	3	1	3	3	2	4	4	6	3	1	3	3	3	6	5	4
 186551 	1	3	1	2	3	2	1	4	5	6	3	2	3	4	1	3	4	3	5	1	1	3	2	6	4	1	4	5	1	3	4	2	4	4	1	1	3	1	4	3	1	3	3	4	2	3	3	0	4	3	3	3	4	4	6	4	6	6	4	5	1	2	6	3	1
 186552 	1	4	1	2	3	2	4	4	5	6	3	2	3	4	1	3	4	3	5	1	1	3	2	6	4	1	4	5	1	1	4	3	4	4	1	1	3	1	4	2	1	3	3	3	5	4	3	3	4	4	1	4	3	2	6	4	5	4	1	4	6	3	2	3	1
 186553 	3	3	1	2	3	2	1	4	5	6	0	2	0	4	1	3	4	3	5	1	1	4	2	6	4	1	4	5	1	3	4	3	4	4	1	1	3	1	4	3	0	1	1	3	5	2	2	1	2	3	1	3	3	2	4	1	6	4	1	1	3	5	1	5	4
 186554 	1	3	1	2	3	2	4	4	5	6	3	2	3	4	1	3	4	3	5	1	1	3	2	6	4	5	4	5	1	3	4	3	4	4	1	1	3	1	4	3	1	3	4	3	5	4	2	1	4	4	3	3	3	2	1	1	6	3	1	1	3	5	5	5	5
 186555 	1	4	1	2	3	2	1	4	5	6	3	2	3	4	1	3	4	3	5	1	1	3	2	6	4	1	4	5	1	3	4	3	4	5	1	1	3	1	4	2	1	1	1	3	5	4	2	3	2	2	3	3	3	2	3	1	4	3	5	3	5	3	1	3	5
 186556 	2	2	1	2	3	2	1	4	5	6	3	2	3	4	1	3	4	3	5	1	1	3	2	6	4	1	4	5	1	3	4	3	4	4	1	1	3	3	4	3	1	1	1	3	5	3	2	3	2	2	1	3	2	2	5	4	6	3	1	6	3	2	6	5	5
 186557 	1	3	1	2	3	2	4	4	5	6	3	2	3	4	1	3	4	3	3	1	1	3	2	6	4	1	4	5	1	3	4	3	4	5	1	1	3	1	4	3	1	3	4	4	5	5	2	3	2	2	1	3	3	4	3	1	6	6	3	4	3	0	4	1	1
 186558 	1	1	1	3	2	2	1	4	5	6	3	2	3	4	1	3	4	3	5	1	1	3	4	6	4	1	4	5	1	3	4	2	4	4	1	1	3	1	4	2	1	1	4	2	5	6	2	3	2	3	3	3	3	2	1	4	6	3	1	4	4	5	1	6	4
 186559 	1	3	1	2	3	2	1	4	5	6	3	2	3	4	1	3	4	3	5	1	1	3	2	6	4	1	4	5	1	3	4	3	4	4	1	1	4	1	4	3	1	3	4	2	5	4	2	1	1	4	3	3	3	2	3	1	6	2	2	2	3	5	6	5	3
 186560 	4	2	1	2	3	2	1	4	5	6	3	2	3	4	1	3	5	3	5	1	1	3	2	6	2	2	4	3	1	1	4	3	4	4	1	5	2	1	4	2	3	3	4	3	2	5	3	5	4	3	1	1	1	2	1	1	2	6	4	2	1	3	3	3	4
 186561 	6	3	1	2	3	2	1	4	5	6	3	2	3	4	1	3	4	3	3	1	1	3	2	6	4	1	4	5	1	5	3	3	3	4	2	6	4	2	3	4	2	2	4	2	3	4	3	3	4	3	4	1	3	4	2	3	5	1	4	2	1	3	5	2	4
 186601 	1	2	1	2	3	2	1	4	5	6	3	2	3	4	1	3	4	3	5	1	1	3	2	6	4	1	4	5	1	3	4	3	4	4	1	1	3	1	4	3	1	1	4	2	5	6	3	1	2	2	3	3	4	1	4	4	6	3	1	1	3	23	4	3	5
 186602 	1	3	1	2	3	2	1	4	5	3	3	2	3	4	1	3	1	2	5	1	1	3	2	6	4	1	4	5	1	3	4	4	5	4	1	1	4	1	4	3	1	3	4	2	5	6	2	3	1	4	3	3	5	2	2	2	5	3	3	2	6	3	5	3	6
 186603 	3	3	1	2	3	2	1	4	5	6	3	2	3	4	1	3	4	3	5	1	1	3	2	6	4	1	4	5	1	3	4	1	2	4	1	1	3	1	4	2	1	3	4	2	5	5	2	3	4	4	4	3	2	2	6	4	1	5	4	3	3	3	3	2	6
 186604 	1	4	1	2	3	2	4	4	5	3	2	3	4	1	3	4	3	5	1	1	3	3	2	6	4	1	4	5	1	3	4	3	4	5	5	1	3	5	4	3	2	3	5	2	5	5	2	3	4	4	4	4	3	2	2	4	1	4	1	2	3	2	1	4	1
 186605 	1	3	1	2	3	2	1	4	5	6	3	2	3	4	1	3	4	3	5	1	1	3	2	6	4	1	4	5	1	2	3	3	4	1	1	1	3	1	4	1	1	3	0	2	5	3	2	1	1	3	1	3	4	2	4	4	6	3	5	4	1	2	6	5	3
 186606 	2	4	1	2	3	2	1	4	5	6	3	2	3	4	1	3	4	3	5	1	1	3	2	6	4	1	4	5	1	3	4	3	4	4	1	1	1	1	4	3	1	3	4	2	2	4	2	1	2	4	3	3	2	3	3	1	1	3	4	3	1	5	2	4	1
 186607 	2	3	1	2	3	2	1	4	5	6	3	2	3	4	1	3	4	3	5	1	1	3	2	6	4	1	4	5	1	3	2	3	4	4	1	1	3	1	4	4	1	3	4	2	5	4	4	3	1	2	4	5	4	2	2	4	3	3	1	4	6	5	5	5	3
 186608 	1	4	1	2	3	2	1	4	5	6	3	2	3	4	1	3	4	3	5	1	1	3	2	6	4	1	4	5	1	3	4	3	4	4	1	1	3	1	4	3	1	3	4	2	5	5	2	3	2	2	3	3	0	3	5	4	6	3	1	2	5	2	6	4	4
 186609 	2	3	1	2	3	2	3	4	5	6	3	2	3	4	1	3	3	3	5	1	1	3	2	6	4	1	4	5	1	3	4	3	4	3	1	5	3	1	4	1	2	3	4	3	2	3	3	1	2	4	2	5	3	2	5	1	2	5	3	2	2	2	3	4	1
 186610 	2	3	1	2	3	2	1	4	5	6	3	2	3	5	1	3	4	3	5	1	1	3	2	6	4	1	4	5	1	3	4	3	4	4	1	1	3	1	4	2	1	3	4	4	2	4	2	3	4	4	2	3	3	2	4	1	4	3	1	2	3	5	3	4	4
 186611 	1	4	1	2	3	2	4	4	5	6	3	2	3	4	1	3	4	3	5	1	1	3	2	6	4	1	4	5	1	3	4	3	4	4	1	1	3	1	4	3	1	3	4	2	5	4	3	1	2	2	4	3	0	2	3	3	6	3	1	3	5	5	1	4	1
 186612 	1	3	1	2	2	2	1	4	5	6	3	2	3	4	1	3	4	3	5	1	1	3	2	1	4	1	4	5	1	3	4	4	4	4	6	1	3	1	4	3	1	3	4	2	5	5	4	1	2	4	3	4	4	4	2	2	4	3	3	2	6	3	5	3	4
 186613 	1	4	1	2	3	2	1	4	5	2	3	2	3	4	1	3	4	3	5	1	1	3	2	6	4	1	4	5	1	4	4	3	4	4	1	1	3	1	4	3	1	3	4	2	5	6	4	3	1	4	3	3	5	1	2	2	5	3	3	2	6	3	5	3	6
 186614 	1	3	1	2	3	2	1	4	5	6	3	2	3	4	1	3	4	3	5	1	1	3	2	6	4	1	4	5	1	2	4	3	4	4	1	1	3	1	5	3	1	3	4	3	5	5	2	1	2	2	1	5	3	1	6	2	4	6	3	4	3	2	5	4	1
 186615 	0	0	1	2	3	2	1	4	5	6	3	2	3	4	1	3	4	3	5	1	1	3	2	6	4	1	4	5	1	3	4	3	4	4	1	1	5	1	4	3	1	6	4	2	5	5	2	1	2	2	4	5	4	2	5	2	6	4	1	1	3	5	4	5	1
 186616 	2	4	1	2	3	2	1	4	5	6	3	2	3	4	1	3	4	3	5	1	1	3	2	6	4	1	4	5	1	3	2	3	4	4	1	1	3	1	4	3	1	0	4	0	5	4	4	3	1	2	4	5	4	2	2	4	4	3	1	4	6	5	5	4	3
 186617 	1	5	1	2	3	2	1	4	5	6	3	2	3	4	1	3	4	3	5	1	1	3	2	1	4	1	4	5	1	3	4	3	4	4	1	1	3	2	4	3	1	3	4	2	5	5	5	1	1	4	1	3	3	2	2	3	4	3	3	2	0	4	1	4	4
 186618 	1	3	1	2	3	2	1	4	5	6	3	2	3	4	1	3	4	3	5	1	1	3	2	6	4	1	4	5	1	3	3	3	4	4	1	1	3	1	4	3	1	3	4	2	5	4	3	1	2	2	3	3	4	1	2	2	4	3	3	2	1	3	6	3	1
 186619 	1	4	1	2	3	2	1	4	5	6	3	2	3	4	1	3	4	3	5	1	1	3	2	6	4	1	4	5	1	3	4	3	4	4	1	1	3	1	4	3	1	3	4	4	5	4	2	1	4	2	1	3	3	4	2	3	6	3	1	3	1	3	4	4	1
 186620 	1	4	1	2	3	2	1	4	5	6	3	2	3	4	1	3	4	3	5	1	1	3	2	6	4	1	4	5	1	3	4	3	4	4	1	5	3	1	4	4	1	1	4	2	5	5	2	1	2	2	5	3	2	3	5	4	6	3	1	3	1	3	5	4	4
 186621 	1	2	1	2	3	2	1	4	5	6	3	2	3	4	1	3	4	3	5	1	1	3	2	1	4	1	4	5	1	3	4	3	4	4	1	1	3	1	4	3	1	3	4	2	5	5	0	1	3	2	3	4	4	4	2	4	2	3	3	0	2	3	35	3	4
 186622 	1	3	1	2	3	2	1	4	5	6	3	2	3	4	1	3	4	3	5	1	1	3	2	6	3	1	4	5	1	3	4	3	4	4	1	1	3	1	4	4	1	1	1	4	5	2	2	1	2	2	1	2	3	1	2	1	3	1	4	1	6	4	6	5	1
 186623 	2	3	1	2	3	2	4	4	5	3	3	2	3	4	1	3	4	3	5	1	1	3	2	6	4	1	4	5	1	1	4	6	4	4	1	1	3	1	4	2	1	1	4	2	5	4	3	1	4	4	2	1	2	4	4	1	2	4	4	4	4	5	3	5	4
 186624 	1	2	1	2	3	2	1	4	5	6	3	2	3	3	1	3	4	3	5	1	1	3	2	6	4	1	4	5	1	3	4	3	4	4	1	1	1	1	5	2	2	3	1	2	5	4	2	1	4	3	1	4	5	2	5	1	4	3	4	3	3	2	1	3	3
 186625 	3	0	1	2	3	2	1	4	5	6	3	2	3	4	1	3	4	3	5	1	1	3	2	6	4	1	4	5	1	3	3	3	4	4	1	1	1	1	4	3	1	3	4	1	5	4	3	3	1	2	4	3	4	3	2	3	3	1	4	5	5	6	4	3	1
 186626 	2	3	1	2	0	3	2	1	4	5	6	3	23	3	4	1	3	4	3	5	1	3	2	6	6	4	1	4	5	1	1	2	4	4	1	1	3	1	4	3	1	1	4	2	5	4	5	3	2	3	4	4	0	1	5	3	4	0	2	2	1	0	5	5	4
 186627 	1	4	1	2	3	2	1	4	5	6	3	2	3	4	1	3	2	3	5	1	1	3	2	6	4	5	4	5	1	3	4	3	4	4	1	1	3	1	4	2	2	2	6	4	5	4	3	3	4	2	1	6	3	4	4	4	1	4	5	3	5	3	2	5	2
 186628 	1	3	1	2	3	2	1	4	5	6	3	2	3	4	1	3	4	3	5	1	1	3	2	1	3	2	4	5	1	3	4	3	4	4	1	1	3	1	4	3	2	1	4	2	2	5	1	3	1	4	3	3	3	3	2	4	3	1	2	1	6	2	2	4	5
 186629 	1	3	1	1	3	2	1	4	5	6	3	2	3	4	1	3	4	3	5	1	1	3	2	6	4	1	4	5	1	3	4	2	4	4	1	1	3	1	4	3	1	1	4	2	5	5	2	2	1	2	4	5	3	2	2	4	6	1	1	3	2	3	6	5	5
 186630 	2	0	1	2	3	2	1	4	5	6	3	2	3	4	1	3	4	3	5	1	1	3	2	6	4	1	4	5	1	3	4	3	4	4	2	1	3	1	4	2	1	1	4	2	5	5	3	1	1	4	1	5	3	2	2	1	4	3	4	3	1	3	4	3	1
 186631 	1	3	1	2	3	2	1	4	5	6	3	2	3	4	1	3	4	3	5	1	1	3	2	6	4	1	4	5	1	3	4	3	4	4	1	1	3	1	4	3	1	1	4	4	5	2	2	2	1	4	3	3	5	2	5	1	2	2	1	4	3	4	4	4	1
 186632 	2	3	1	2	3	2	1	4	5	6	3	2	3	4	1	3	4	3	5	1	1	3	2	6	4	1	4	5	1	3	4	2	4	4	1	1	1	1	4	3	1	1	4	2	3	2	4	3	1	2	1	3	2	0	3	4	3	2	2	5	5	3	2	4	5
 186633 	0	1	1	3	3	2	1	4	5	6	3	2	3	4	1	3	4	6	4	1	3	3	6	1	4	1	4	5	1	3	4	2	4	5	1	5	3	1	4	3	2	4	2	5	4	4	3	1	2	1	3	4	3	5	3	6	0	3	1	1	6	3	6	3	0
 186634 	1	3	1	2	3	2	1	4	5	6	3	2	3	4	1	3	4	3	5	2	1	3	2	6	4	1	4	5	1	3	4	3	4	4	1	1	3	1	4	4	1	3	4	2	5	5	1	3	2	2	4	3	3	3	4	4	2	6	1	1	6	2	5	5	4
 186635 	1	3	1	2	3	2	1	4	5	6	3	2	3	4	1	3	4	3	0	1	1	3	2	6	4	1	4	5	1	3	4	3	4	4	1	5	3	1	4	3	1	1	4	2	5	5	2	3	2	2	3	4	2	2	6	4	6	3	1	2	1	3	4	4	5
 186636 	2	4	1	2	3	2	1	4	5	6	3	2	3	4	1	3	4	3	5	1	1	3	2	6	1	1	4	5	1	3	4	3	4	4	1	1	1	1	4	2	1	3	4	4	5	3	3	3	1	3	3	1	3	2	5	3	4	5	1	5	5	5	4	3	4
 186637 	1	5	1	2	3	2	1	4	5	6	3	2	3	4	1	3	4	3	5	1	1	3	2	6	4	1	4	5	1	3	4	2	4	4	1	1	3	5	4	3	1	1	1	1	5	4	1	1	3	4	3	3	3	1	2	1	4	5	3	4	3	5	5	4	1
 186638 	1	4	1	2	3	2	4	4	5	6	3	2	3	4	1	3	4	3	5	1	1	3	2	6	4	1	4	5	1	3	4	2	4	4	1	1	1	1	4	3	1	3	4	2	5	5	2	3	1	2	4	2	2	1	6	4	6	6	1	1	5	3	6	4	1
 186639 	1	3	1	2	3	2	1	4	5	6	3	2	3	4	1	3	4	3	5	1	1	3	2	6	4	1	4	5	1	3	4	2	4	4	1	1	3	1	4	3	1	1	4	3	2	2	2	1	2	2	4	3	4	3	5	3	6	2	5	1	3	3	4	4	4
 186640 	1	4	1	2	3	2	1	4	5	6	3	2	3	4	1	3	4	3	5	1	1	3	2	6	4	1	4	5	1	3	4	3	4	4	1	1	3	1	4	2	1	1	1	3	5	4	4	2	2	4	1	3	4	3	6	4	3	1	1	4	6	2	4	4	3
 186641 	1	3	1	2	3	2	1	4	5	6	3	2	3	4	1	3	4	3	5	1	1	3	2	6	4	1	2	5	1	3	4	3	4	4	2	1	3	1	4	2	3	6	4	3	5	5	3	3	4	4	4	3	4	4	4	1	3	3	3	3	6	2	5	3	5
 186642 	14	3	1	2	3	2	1	4	5	6	3	2	3	4	1	3	4	3	5	1	1	3	2	6	4	1	4	5	1	3	4	3	4	4	1	1	3	1	4	2	1	1	4	3	5	5	3	3	1	2	3	3	3	2	2	1	4	4	1	4	0	0	3	4	6
 186643 	2	4	1	2	3	2	1	4	5	6	3	2	3	4	1	3	4	3	5	1	1	3	2	6	4	1	4	5	1	3	4	3	4	4	1	1	3	1	4	3	1	1	4	2	5	4	3	3	4	3	1	0	3	2	5	4	3	6	1	2	6	3	5	1	3
 186644 	2	4	1	2	3	2	1	4	5	6	3	2	3	4	1	3	4	3	5	1	1	3	2	6	2	1	4	5	1	3	4	2	4	5	1	1	3	1	4	3	2	1	4	2	5	3	3	3	1	2	2	3	2	1	3	4	2	2	4	2	4	3	6	3	1
 186645 	0	4	1	2	3	2	1	4	5	6	3	2	3	4	1	3	4	3	5	1	1	3	2	6	4	1	4	5	1	3	4	3	4	4	1	1	5	1	4	1	1	1	1	3	5	4	2	5	4	3	2	3	3	2	4	3	4	5	2	6	3	4	4	5	4
 186646 	1	3	1	2	3	2	1	4	5	6	3	2	3	4	1	3	4	3	5	1	1	3	2	6	4	1	4	5	1	3	4	3	4	4	1	1	3	1	4	3	1	1	5	2	2	2	4	3	2	2	4	3	3	2	5	4	6	1	1	3	4	3	1	4	4
 186647 	1	3	1	2	3	2	1	4	5	6	3	2	3	4	1	3	4	3	5	1	1	3	2	6	4	1	4	5	1	3	4	3	4	4	1	1	3	1	4	2	1	1	4	3	5	4	4	1	4	4	2	3	4	2	6	4	3	1	1	5	6	3	4	4	1
 186648 	1	4	1	2	3	2	4	4	5	6	3	2	3	4	1	3	4	3	5	1	1	3	2	6	4	1	4	5	1	3	4	2	4	4	1	1	3	1	4	4	1	1	1	4	5	5	2	1	2	2	3	3	2	1	3	1	4	3	5	4	1	2	5	4	1
 186649 	1	3	1	2	3	2	1	4	5	6	3	2	3	4	1	3	4	3	5	1	1	3	2	6	4	1	4	5	1	3	4	3	4	4	1	1	3	1	4	2	1	1	4	2	5	4	2	3	2	2	3	3	3	1	5	2	1	3	1	2	5	3	4	6	5
 186650 	3	0	1	2	3	2	1	4	5	6	3	2	3	4	1	3	4	3	5	1	1	3	2	6	4	1	4	5	1	3	4	3	4	4	1	1	1	1	4	1	1	3	4	3	5	4	2	2	1	2	3	3	2	2	5	3	6	3	1	1	5	4	2	3	1
 186651 	2	4	1	2	3	2	1	4	5	6	3	2	3	4	1	3	4	3	5	1	1	3	0	2	0	0	1	0	0	3	4	3	4	4	2	1	3	1	4	2	1	1	4	3	5	5	3	3	1	4	4	3	3	2	2	1	4	4	3	4	1	6	5	3	4
 186652 	1	3	1	2	3	2	1	4	5	6	3	2	3	4	1	3	4	3	5	1	1	3	2	6	4	1	4	5	1	3	4	3	4	4	1	5	3	1	4	3	1	1	4	4	5	5	1	1	4	4	3	1	3	2	2	4	3	1	1	3	6	5	3	4	4
 186653 	0	2	1	2	3	2	1	4	5	6	3	2	3	4	1	3	4	3	5	1	1	3	2	6	4	1	4	5	1	3	4	3	4	4	1	1	4	1	4	3	1	1	2	2	5	4	3	1	1	4	3	4	3	2	0	5	4	6	4	3	1	6	3	4	4
 186654 	1	3	1	2	3	2	1	4	5	6	3	2	3	4	1	5	4	3	5	1	1	3	2	6	4	1	4	5	1	3	4	3	4	4	1	3	3	1	4	3	4	3	5	3	3	4	4	1	1	3	4	6	4	2	6	4	6	3	1	3	3	3	4	1	3
 186655 	1	3	1	2	3	2	1	4	5	6	3	2	3	4	1	3	4	3	5	1	1	3	2	6	4	1	4	5	1	3	4	3	4	4	1	1	3	1	4	2	1	3	4	2	5	5	2	1	4	3	4	5	6	2	2	4	6	4	1	4	6	2	3	1	3
 186656 	2	3	1	2	3	2	1	4	5	6	3	2	3	4	1	3	4	3	5	3	1	3	2	6	3	1	4	5	1	3	1	2	4	4	1	1	3	1	4	3	1	1	4	2	4	4	4	3	2	6	2	1	3	1	1	4	6	1	3	5	5	2	5	5	1
 186657 	1	3	1	2	3	2	1	4	5	6	3	2	3	4	1	3	4	3	6	1	1	3	2	6	4	1	4	5	1	3	4	3	4	4	1	1	3	1	4	2	1	3	4	3	5	5	2	3	2	3	4	5	3	2	2	1	6	4	1	3	3	2	3	1	3
 186658 	1	4	1	2	3	2	1	4	5	6	3	1	3	4	1	3	4	3	5	1	1	3	3	6	4	1	4	5	1	3	4	3	4	4	1	4	3	1	4	3	2	1	5	2	3	4	2	1	0	2	4	3	4	2	4	3	4	3	4	4	3	4	5	2	4
 186659 	1	2	1	2	3	2	1	4	5	6	3	2	3	5	1	3	4	3	5	1	1	3	2	6	4	1	4	5	1	3	4	0	4	4	5	3	1	3	4	2	1	3	4	2	5	4	3	3	4	4	1	3	3	2	6	1	2	6	1	1	3	3	2	3	4
 186660 	1	3	1	2	3	2	1	4	5	6	3	2	3	4	1	3	0	3	5	1	1	3	2	6	0	1	4	5	1	3	4	4	4	4	1	1	3	1	4	3	2	3	4	3	5	4	3	1	2	2	4	4	3	2	6	4	4	3	1	1	4	2	2	4	1
 186661 	2	3	2	3	0	4	1	0	3	5	3	3	3	4	4	3	4	3	4	0	1	4	2	6	1	1	4	5	1	4	4	5	4	5	4	6	5	4	5	0	3	1	3	5	2	4	5	4	3	5	4	3	6	1	4	1	6	0	6	3	4	3	5	4	5
 186701 	1	3	1	2	3	2	1	4	5	6	3	2	3	4	1	3	4	3	5	1	1	3	2	6	4	1	4	5	1	3	4	3	4	4	1	1	3	1	4	3	1	3	4	2	5	6	4	1	1	2	3	3	5	1	6	4	3	1	6	2	1	3	2	4	1
 186702 	1	4	1	2	3	2	1	4	5	6	3	2	3	4	1	3	4	3	5	1	1	3	2	6	4	1	4	5	1	3	4	3	4	4	6	1	3	1	4	3	1	1	4	2	5	4	2	3	2	2	3	1	5	2	6	4	1	5	1	4	1	3	3	5	1
 186703 	2	4	1	2	3	2	1	4	5	6	3	2	3	4	1	3	4	3	5	1	1	3	2	6	4	1	4	5	1	3	4	3	4	4	1	1	3	1	4	3	1	1	4	2	5	4	2	3	2	2	3	4	5	2	3	4	6	6	1	3	1	3	3	2	1
 186704 	1	4	1	2	3	2	4	4	5	6	3	2	2	4	1	3	4	3	5	1	1	3	2	6	4	1	5	5	1	3	4	6	1	4	3	1	1	1	2	3	1	3	4	3	5	4	3	5	2	2	3	4	5	1	2	3	2	6	4	2	6	2	5	5	2
 186705 	2	4	1	2	3	2	1	4	5	6	3	2	3	4	1	3	4	3	5	1	1	3	2	6	4	1	1	5	1	3	4	2	4	4	1	1	1	1	4	3	2	1	4	2	2	2	3	3	4	2	4	3	6	1	3	4	6	3	1	3	3	6	5	5	4
 186706 	1	3	1	2	3	2	1	4	5	6	3	2	3	4	0	4	3	3	5	1	1	3	2	1	4	1	4	5	1	3	4	3	4	4	1	1	3	1	4	3	1	1	4	4	5	4	3	1	2	3	3	3	5	2	5	1	4	3	4	4	5	3	5	5	3
 186707 	2	3	1	2	3	2	1	4	5	6	3	2	3	4	1	3	4	1	5	1	1	3	2	6	4	1	4	5	1	3	4	2	4	4	1	1	3	1	4	2	1	1	4	4	5	5	2	1	1	3	4	3	4	4	3	4	1	5	1	2	5	6	4	3	1
 186708 	2	4	1	2	3	2	1	4	5	6	3	2	3	4	1	3	4	3	5	1	1	3	2	6	4	1	4	5	1	3	4	3	4	4	1	2	1	1	4	3	1	1	3	2	5	5	2	1	3	4	2	1	6	2	6	4	6	3	3	1	3	3	3	4	5
 186709 	2	4	1	2	3	2	1	4	5	6	3	2	3	4	1	3	4	3	5	1	1	3	2	6	4	1	4	5	1	3	4	3	4	4	1	1	3	1	4	4	1	1	4	4	2	5	2	3	4	4	2	3	4	1	3	3	4	3	4	4	3	5	3	5	5
 186710 	1	3	1	2	3	2	1	4	5	6	3	2	3	4	1	3	4	3	5	1	1	3	2	6	4	1	4	5	1	3	2	3	4	4	1	1	3	1	4	3	1	1	4	2	5	5	2	3	4	3	2	3	4	4	4	4	6	4	4	4	3	3	3	5	1
 186711 	2	3	1	2	3	2	1	4	5	6	3	2	3	4	1	3	4	3	5	1	1	3	2	6	4	1	4	5	1	3	4	3	4	4	1	1	3	1	4	3	1	3	4	4	5	4	1	1	2	2	3	3	3	1	6	4	6	4	6	6	3	3	2	5	1
 186712 	1	2	1	2	3	2	1	4	5	6	3	2	3	4	1	3	4	6	5	1	1	3	2	6	4	1	5	5	1	3	5	2	4	4	1	1	1	1	4	3	1	3	4	2	5	4	2	1	2	4	2	3	2	2	6	1	6	5	4	6	3	2	4	4	1
 186713 	1	3	1	2	3	2	1	4	5	6	3	2	3	4	1	3	3	3	5	1	1	3	2	6	1	0	4	5	1	3	4	2	4	2	1	1	5	1	4	3	1	1	1	3	2	2	2	2	1	4	2	5	5	2	4	1	5	3	4	1	6	4	5	4	1
 186714 	1	3	1	2	3	2	1	4	5	6	3	2	3	4	1	3	4	3	5	1	1	3	2	6	4	1	4	5	1	3	4	3	4	5	1	5	3	1	4	4	1	3	1	1	5	3	2	3	1	4	3	3	3	1	3	3	4	3	4	4	3	5	3	4	5
 186715 	2	3	1	2	3	2	1	4	5	6	3	2	3	4	1	3	4	6	5	1	1	3	2	6	4	1	5	5	1	3	4	4	4	4	6	1	3	1	3	1	1	6	4	3	3	5	2	1	2	4	1	4	5	2	3	3	4	5	4	6	3	4	5	4	1
 186716 	1	4	1	2	3	2	1	4	5	6	3	2	3	4	1	3	4	3	5	1	1	3	2	6	4	1	4	5	1	3	4	3	4	4	1	1	5	1	4	3	1	3	4	2	5	5	2	1	2	2	6	1	3	1	5	2	6	2	4	4	3	2	3	5	5
 186717 	2	4	1	2	3	2	4	4	5	6	3	2	3	4	1	6	4	6	5	1	1	3	2	6	4	5	1	5	1	3	4	3	4	5	1	1	3	1	4	3	1	1	4	4	5	3	2	1	2	2	4	3	4	3	5	1	2	1	2	3	4	2	3	6	3
 186718 	1	3	1	2	3	2	1	4	5	6	3	2	3	4	1	3	4	3	5	1	1	3	2	6	4	1	4	5	1	3	3	5	4	4	1	1	3	1	4	3	1	1	4	4	5	5	5	1	4	2	3	3	3	1	5	3	6	3	1	2	0	6	4	4	1
 186719 	1	4	1	2	3	2	1	4	5	6	3	2	3	4	1	3	3	5	3	5	1	3	1	3	4	6	4	1	1	3	4	24	3	3	1	1	3	1	4	4	1	2	4	2	5	5	2	4	4	4	2	2	4	4	4	4	6	0	4	0	3	3	3	5	1
 186720 	1	3	1	2	3	2	1	4	5	6	3	2	3	4	1	3	4	3	5	1	1	3	2	6	4	1	4	5	1	3	3	3	4	4	1	1	3	1	4	3	1	3	4	2	5	5	2	1	1	2	1	3	4	1	4	2	3	1	2	3	6	4	4	5	2
 186721 	2	3	1	2	3	2	1	4	5	6	3	2	3	3	1	3	4	3	5	1	1	3	2	6	4	1	4	5	1	4	4	4	4	4	1	5	3	1	4	2	1	6	4	4	5	5	2	2	4	2	2	6	4	1	4	4	4	3	4	3	3	4	4	4	5
 186722 	2	4	1	2	3	2	4	4	5	6	3	2	3	4	1	3	4	3	5	1	1	3	2	6	4	1	4	5	1	3	4	3	4	4	1	1	1	1	4	3	1	1	6	2	5	5	2	1	1	4	4	3	4	1	4	1	6	3	1	4	3	3	3	4	1
 186723 	1	4	1	2	3	2	1	4	5	6	3	2	3	4	1	3	4	3	5	1	1	3	2	6	4	1	1	5	1	3	2	3	4	4	6	1	3	1	4	3	3	3	6	2	3	5	2	1	4	3	4	6	4	1	6	4	4	5	3	1	3	5	3	5	1
 186724 	2	4	1	2	3	2	1	4	5	6	3	2	3	4	1	3	4	3	5	1	1	3	2	6	4	1	4	5	1	4	4	3	4	4	1	1	3	1	4	4	1	3	4	4	5	2	3	3	2	2	4	3	3	1	5	2	1	1	1	4	1	2	4	4	4
 186725 	2	3	1	2	3	2	4	4	5	6	3	2	3	4	1	3	4	3	5	1	1	3	2	6	4	1	4	5	1	3	4	3	4	5	1	0	0	5	4	3	1	1	4	2	5	5	3	1	2	2	4	3	2	3	5	4	6	3	1	6	5	2	3	5	1
 186726 	1	4	1	2	3	2	1	4	5	6	3	2	3	4	1	3	4	3	5	1	1	3	2	6	4	1	4	5	1	3	4	3	4	4	3	1	3	1	4	3	1	3	4	3	2	5	2	3	2	4	4	3	3	4	4	3	4	3	1	3	1	4	3	4	4
 186727 	2	4	1	2	3	2	4	4	5	6	3	2	3	4	1	3	4	3	5	1	1	3	2	6	4	1	4	5	1	3	4	3	4	4	1	1	3	1	4	3	1	1	4	4	5	4	2	1	4	4	2	4	3	2	4	1	4	5	1	3	3	2	1	4	4
 186728 	1	3	1	2	3	2	1	4	5	6	3	2	3	4	1	3	4	3	5	1	1	3	2	6	4	1	4	5	1	3	4	3	3	4	3	1	3	1	4	3	1	3	4	3	0	4	2	3	3	2	1	3	3	4	4	1	4	3	3	2	1	2	5	4	4
 186729 	1	4	1	2	3	2	1	4	5	6	3	2	3	4	1	3	4	3	5	1	1	3	2	6	4	1	4	5	1	3	4	3	4	4	2	4	3	1	4	3	1	1	1	4	5	4	2	1	3	2	1	3	3	4	4	1	6	5	3	1	1	4	2	4	4
 186730 	1	3	1	2	3	2	4	4	5	6	3	2	3	4	1	3	4	3	1	5	1	3	2	6	4	1	4	5	1	3	4	3	4	4	1	1	3	1	4	3	1	0	4	4	5	6	3	3	1	2	4	4	2	4	6	1	4	3	1	1	1	4	3	4	5
 186731 	1	3	1	2	3	2	4	4	5	6	3	2	3	4	1	3	4	3	5	1	1	3	2	6	4	1	4	5	1	3	4	3	4	4	1	1	3	1	4	3	2	3	4	2	5	2	2	1	2	2	3	2	2	1	4	4	5	6	1	6	1	2	4	4	1
 186732 	2	3	1	2	3	2	4	4	5	3	3	2	3	4	1	3	4	3	5	1	1	3	2	6	4	1	4	5	1	3	4	2	4	1	1	1	3	5	4	3	1	3	6	2	5	2	2	1	4	2	4	1	3	2	4	3	3	1	1	4	3	4	3	5	1
 186733 	2	4	1	2	3	2	1	4	5	6	0	0	2	4	1	3	4	3	5	1	1	3	3	6	4	1	4	5	1	3	4	3	4	4	3	1	4	1	4	3	1	1	4	4	2	5	3	1	1	4	4	3	3	4	4	4	4	3	1	4	1	4	4	4	4
 186734 	1	3	1	2	3	2	4	4	5	6	3	2	3	4	1	3	4	1	1	1	1	3	2	6	4	0	4	4	1	3	4	3	4	4	3	1	3	1	4	3	1	3	0	0	3	0	3	3	2	1	4	3	0	4	4	1	4	3	3	4	1	4	4	4	4
 186735 	4	0	1	2	3	2	1	4	5	6	3	2	3	4	1	3	4	3	4	1	1	3	2	6	4	1	4	5	1	3	4	3	3	4	3	1	3	1	4	3	1	3	4	3	5	4	2	3	3	2	1	3	3	4	4	1	4	3	3	2	5	4	5	4	4
 186736 	1	4	1	2	3	2	1	4	5	6	3	2	3	4	1	3	4	3	5	1	1	3	2	6	4	1	4	5	1	3	4	3	4	4	2	1	3	1	4	3	1	1	1	4	5	4	2	1	3	2	1	3	3	4	4	1	6	5	4	1	1	4	2	4	4
 186737 	1	3	1	2	3	2	1	4	5	6	3	2	3	4	1	3	4	3	5	1	1	3	2	6	4	1	4	5	1	3	4	2	4	4	1	1	3	1	4	1	1	1	4	4	3	4	2	3	2	3	3	2	4	2	4	1	6	4	3	1	1	6	6	5	4
 186738 	1	3	1	2	3	2	1	4	5	6	3	2	3	4	1	3	4	3	5	1	1	3	4	6	4	1	4	5	1	3	4	3	4	4	3	1	3	1	4	3	1	1	4	3	5	2	2	1	2	3	4	4	3	4	4	4	4	6	4	4	3	2	3	4	4
 186739 	2	3	1	2	3	2	1	4	5	6	3	2	3	4	1	3	4	3	5	1	1	3	2	6	4	1	4	5	1	3	4	3	4	4	1	1	3	1	4	3	1	3	4	2	5	4	2	3	2	4	3	4	3	4	4	4	4	6	4	2	1	6	3	4	4
 186740 	1	4	1	2	3	2	1	4	5	6	3	2	3	4	1	3	4	3	2	1	1	3	2	6	4	1	4	5	1	3	4	3	4	4	1	1	3	1	4	3	1	1	4	2	5	5	3	3	4	2	4	5	4	4	4	1	4	3	1	5	3	4	6	3	3
 186741 	1	3	1	2	3	2	1	4	5	6	3	2	3	4	1	0	0	3	5	1	1	3	2	6	4	1	4	5	1	3	4	3	4	4	1	1	3	1	4	3	1	1	1	4	5	5	2	1	2	3	4	3	4	4	4	3	4	3	1	3	1	3	6	4	3
 186742 	1	4	3	2	3	2	1	4	5	6	3	2	3	4	1	3	4	3	6	1	1	3	2	6	4	1	4	5	1	3	4	3	4	4	1	1	1	1	4	3	1	1	4	4	5	4	2	1	1	2	4	4	3	4	4	3	4	2	1	1	3	4	2	3	4
 186743 	4	0	1	2	3	2	1	4	5	6	3	2	3	4	1	3	4	3	5	1	1	3	2	6	4	1	4	5	1	3	4	3	4	4	2	1	3	1	4	3	1	1	1	3	3	4	2	3	3	4	1	3	3	4	4	1	6	3	1	2	1	4	5	5	4
 186744 	1	3	1	2	3	2	4	4	5	6	3	2	3	4	1	3	4	3	5	1	1	3	2	6	4	1	4	5	1	3	4	3	4	4	1	1	3	1	4	3	2	3	4	4	2	4	2	3	1	3	3	4	3	4	4	4	4	3	1	6	6	3	6	4	4
 186745 	1	0	1	2	3	2	1	4	5	6	3	2	3	4	1	3	4	3	5	1	1	3	2	6	4	1	4	5	1	3	4	3	4	4	1	1	3	1	4	1	1	3	4	3	5	5	2	1	2	4	4	3	2	1	5	1	3	1	1	6	3	3	5	4	1
 186746 	1	3	1	2	3	2	4	4	5	6	3	2	3	4	1	3	4	3	5	1	1	3	2	6	4	1	4	5	1	3	4	3	4	4	1	1	3	1	4	3	2	3	4	2	5	2	2	1	2	3	3	2	2	1	4	4	5	6	1	6	1	2	4	4	1
 186747 	1	4	1	2	3	2	0	4	5	3	3	2	3	4	1	3	4	3	5	1	1	3	2	6	4	1	4	5	1	3	4	3	4	4	1	1	3	1	4	3	1	3	4	2	5	5	2	3	2	2	3	3	3	4	4	4	6	4	5	4	3	5	6	4	4
 186748 	2	3	1	2	3	2	4	4	5	6	3	2	3	4	1	3	4	3	5	1	1	3	2	6	4	1	4	5	1	3	4	3	4	4	1	1	3	1	4	3	1	1	4	2	5	5	2	1	2	4	3	3	3	4	4	2	3	3	3	2	3	5	6	4	3
 186749 	1	4	1	2	3	2	4	4	5	6	3	2	3	4	1	3	4	3	5	1	1	3	2	6	4	1	4	5	1	3	4	0	3	4	4	1	3	1	4	3	1	1	4	2	5	3	3	1	1	2	4	3	3	1	4	4	3	3	1	2	4	3	3	3	4
 186750 	2	4	1	2	3	2	1	4	5	6	3	2	3	4	1	3	4	3	5	1	1	3	2	6	4	1	4	5	1	3	4	3	4	4	1	1	1	1	4	3	1	3	4	4	5	4	2	1	3	2	4	3	3	4	4	3	4	3	1	1	3	4	5	4	4
 186751 	4	0	1	2	3	2	1	4	5	6	3	2	3	4	1	3	4	3	5	1	1	3	4	6	4	1	4	5	1	3	4	3	4	4	3	1	3	1	4	3	1	3	4	3	3	4	2	3	2	4	4	4	3	4	4	3	6	4	1	4	1	3	4	4	2
 186752 	1	4	1	2	3	2	1	4	5	6	3	2	3	4	1	3	4	3	5	5	1	3	4	6	4	2	4	5	1	3	4	3	4	3	1	1	3	1	4	3	1	3	4	4	3	4	2	1	2	2	3	3	3	4	4	3	3	1	1	6	3	5	5	4	1
 186753 	1	2	1	2	3	2	0	4	4	4	5	2	3	4	1	3	4	3	5	1	1	3	4	5	4	1	4	5	1	3	4	3	4	2	1	1	3	1	4	3	2	3	6	4	5	4	2	1	4	2	4	3	3	4	2	1	4	5	1	4	3	2	1	5	4
 186754 	1	3	1	2	3	2	1	4	5	6	3	3	3	4	1	3	4	3	5	1	1	3	2	6	4	1	4	5	1	3	4	3	4	4	1	1	3	1	4	3	1	1	4	4	5	3	3	3	3	2	4	3	3	4	3	4	4	3	1	3	4	3	2	4	4
 186755 	1	2	1	2	3	2	4	4	5	6	3	2	3	4	1	3	4	3	5	1	1	3	2	6	4	1	4	5	1	3	3	3	4	1	1	1	3	1	4	3	1	1	1	2	5	6	2	1	2	2	4	3	4	4	0	2	5	3	1	1	3	3	1	4	5
 186756 	1	4	1	2	3	2	1	4	5	6	3	2	3	4	1	3	4	3	5	1	1	3	2	6	4	1	4	5	1	5	4	2	4	4	1	1	3	1	4	3	1	1	4	2	5	5	3	3	4	4	2	5	4	4	5	1	6	1	2	4	3	1	1	1	4
 186757 	1	4	1	2	3	2	1	4	5	6	3	2	3	4	1	3	4	3	5	1	1	3	2	6	4	1	4	5	1	3	2	5	1	2	3	4	3	3	4	0	3	1	3	5	3	35	2	2	3	1	4	2	2	4	3	2	5	4	3	0	3	1	13	5	0
 186801 	1	4	1	2	3	2	4	4	5	6	3	2	3	4	1	3	4	3	5	1	1	3	2	6	4	1	4	5	1	3	2	3	4	4	1	1	3	1	4	3	3	1	4	2	5	3	2	6	1	2	4	3	2	1	5	1	2	4	1	1	3	3	6	4	1
 186802 	1	3	1	2	3	2	1	5	5	6	3	2	3	4	1	3	4	3	5	3	1	3	2	6	4	1	4	5	1	1	4	2	4	1	1	2	3	1	6	1	2	3	4	1	3	3	5	1	2	4	2	5	2	2	1	1	4	5	1	6	3	6	6	5	6
 186803 	1	4	1	2	3	2	1	4	5	6	3	2	3	4	1	3	4	3	3	1	1	3	2	6	4	1	4	5	1	3	4	3	4	1	3	1	3	2	4	3	1	1	4	2	2	4	2	13	3	2	2	5	5	2	5	4	3	1	1	4	3	5	5	6	4
 186804 	1	3	1	2	3	2	1	4	5	6	3	2	3	4	1	3	4	3	4	1	1	3	2	1	4	1	4	5	1	3	4	3	4	4	1	5	3	1	3	2	1	1	4	3	5	2	2	1	1	3	4	5	4	3	2	4	3	1	4	3	1	2	5	4	1
 186805 	1	4	1	2	3	2	1	4	5	6	3	2	3	4	1	3	4	3	5	1	1	3	2	6	3	1	4	5	1	3	4	2	4	4	1	1	3	1	4	3	1	0	4	2	5	4	2	1	4	2	2	3	4	2	4	3	6	5	4	3	3	4	2	5	3
 186806 	2	4	1	2	3	2	1	4	5	36	2	3	4	1	3	4	3	5	1	1	3	3	2	6	4	1	4	5	1	3	2	2	4	4	5	1	3	1	4	3	1	1	1	2	5	4	3	5	2	3	2	5	3	1	4	2	3	3	5	3	6	3	1	5	5
 186807 	1	3	1	2	3	2	4	4	5	6	3	2	3	4	1	3	0	3	3	1	2	3	5	6	4	1	4	5	1	3	4	2	4	5	1	1	1	4	4	3	2	1	3	3	3	5	3	5	2	2	1	6	3	4	3	2	6	3	1	2	6	2	5	5	4
 186808 	1	4	1	2	3	2	1	4	5	6	3	2	3	4	1	1	4	3	5	1	1	3	2	6	4	1	4	5	1	3	4	3	4	4	1	1	1	6	4	1	1	1	4	2	5	4	1	1	4	4	3	3	4	4	4	1	3	3	1	2	5	4	1	5	3
 186809 	1	3	1	2	3	2	1	4	5	6	3	2	3	4	1	3	4	3	5	1	1	3	2	6	4	1	4	5	1	3	4	3	4	4	1	1	3	1	4	3	2	1	4	3	5	5	3	1	1	2	1	2	2	3	5	3	4	5	1	2	1	2	4	5	3
 186810 	1	3	1	2	3	2	1	4	5	6	3	2	3	4	1	3	4	3	5	1	1	3	2	6	3	1	4	5	1	3	0	0	3	1	4	4	3	1	3	1	4	4	1	3	4	1	5	5	3	3	2	2	4	3	3	3	0	1	6	5	1	2	3	3	6
 186811 	1	4	1	2	3	2	1	4	5	6	3	2	3	4	1	3	4	3	5	1	1	3	2	6	4	1	4	5	1	3	4	2	4	4	5	1	3	1	4	2	1	3	4	2	5	2	2	3	2	4	3	3	4	2	6	2	1	3	1	6	3	3	4	6	1
 186812 	2	4	1	2	3	2	1	4	5	6	3	2	3	4	1	3	4	3	5	1	1	3	2	6	4	1	4	5	1	3	4	3	4	4	1	1	1	1	4	3	1	3	4	3	5	5	2	5	4	4	4	3	2	1	4	2	3	1	1	4	3	5	5	3	3
 186813 	2	3	1	2	3	2	1	4	5	6	3	2	3	4	1	3	4	3	5	1	1	3	2	6	2	1	4	5	1	3	4	3	4	4	2	1	2	1	4	3	1	1	4	3	5	5	2	3	4	3	2	5	4	1	5	1	6	3	1	1	5	6	5	2	1
 186814 	2	4	1	2	3	2	0	5	6	3	2	3	4	1	3	4	2	5	1	1	3	2	2	6	4	1	5	5	1	4	4	2	4	3	5	1	2	1	5	3	1	1	5	1	5	3	4	3	4	2	3	1	3	2	2	1	2	3	1	6	1	2	3	5	5
 186815 	2	4	1	2	3	2	4	4	5	6	3	2	3	4	1	3	4	3	5	1	1	3	2	1	4	1	4	5	1	3	3	3	4	4	1	1	3	1	5	3	1	1	4	4	2	2	3	3	4	3	4	4	3	4	2	4	4	4	1	1	3	4	4	3	1
 186816 	0	0	1	3	3	2	4	4	5	4	3	2	4	3	2	3	4	3	3	2	1	3	4	6	4	2	2	6	4	5	1	3	4	3	1	1	2	1	3	2	4	3	4	3	2	3	2	2	1	4	1	2	4	1	3	1	6	4	1	4	1	2	5	4	1
 186817 	3	0	1	2	3	2	1	4	5	6	3	2	3	4	1	3	3	3	5	1	1	5	5	6	4	1	4	5	4	3	4	3	4	4	1	1	3	1	4	3	1	3	4	3	5	2	2	3	4	2	3	3	5	2	3	1	6	3	1	3	1	6	5	5	4
 186818 	1	3	1	2	3	2	1	4	5	6	3	2	3	4	1	3	4	3	5	1	1	3	2	6	4	1	4	0	1	3	4	2	4	4	1	1	2	1	4	3	3	1	5	3	5	3	2	1	4	3	2	3	1	2	6	4	4	3	3	4	5	6	1	5	4
 186819 	2	3	1	2	3	2	1	4	5	6	3	2	3	4	4	3	4	3	3	1	1	3	2	6	4	1	4	5	1	3	2	2	4	1	5	2	2	1	4	2	3	3	4	3	5	3	5	3	2	2	4	5	1	1	2	3	5	3	1	4	1	5	2	3	3
 186820 	1	3	1	2	3	2	1	4	5	6	3	2	3	4	1	3	4	3	5	1	1	3	2	6	3	1	5	5	1	3	1	1	1	4	3	5	2	3	4	2	1	1	1	1	5	6	5	3	1	4	4	1	3	1	3	1	4	5	3	4	5	5	5	2	4
 186821 	1	4	1	2	3	2	4	4	5	6	3	2	3	4	1	3	4	3	5	1	1	3	6	6	4	1	4	5	1	4	4	6	4	1	1	1	3	1	4	3	4	3	4	4	5	4	2	1	1	4	4	4	6	2	3	1	2	5	4	6	3	5	1	3	4
 186822 	2	0	1	2	3	2	4	4	5	6	3	2	3	4	1	3	0	4	3	2	1	0	5	6	4	1	5	0	1	3	1	3	4	4	1	2	3	1	4	3	5	3	2	4	2	1	3	3	4	2	4	2	3	4	0	2	5	6	1	2	0	4	1	5	4
 186823 	1	3	1	2	3	2	4	4	5	6	3	2	3	4	1	3	5	3	5	1	1	3	2	6	4	1	4	5	1	4	4	2	4	4	1	1	1	1	4	1	1	3	4	2	5	4	2	1	1	3	3	3	3	4	2	1	4	3	1	6	3	2	6	4	5
 186824 	1	2	1	2	3	2	1	4	5	6	3	2	3	4	1	3	4	3	5	1	1	3	2	1	4	1	4	5	1	3	4	3	4	4	1	1	3	1	4	3	1	1	4	3	5	2	2	3	4	2	3	3	5	2	3	1	6	3	1	3	1	5	4	3	4
 186825 	1	4	3	2	3	2	4	5	5	6	3	2	3	4	1	3	4	6	5	3	1	3	2	6	4	1	0	5	4	1	3	1	4	4	4	1	1	3	1	4	1	1	1	2	1	1	4	3	1	4	4	4	3	2	2	1	6	3	3	1	3	4	3	5	3
 186826 	2	3	1	2	3	2	1	4	5	6	3	2	3	4	1	3	4	3	5	1	1	3	2	6	4	1	1	5	1	3	3	3	4	4	1	1	3	1	4	3	1	1	4	4	5	5	2	1	4	2	3	4	3	2	3	1	2	4	1	3	6	3	4	5	3
 186827 	1	4	1	2	3	2	4	4	5	6	3	2	3	4	1	3	5	3	5	2	1	3	2	6	4	1	4	5	1	3	4	3	4	5	1	5	5	1	4	4	1	3	4	4	5	5	3	4	4	2	3	5	1	2	3	1	3	1	1	4	4	5	2	3	5
 186828 	2	3	1	2	3	2	1	4	5	0	6	2	3	4	1	3	4	3	3	3	1	3	2	6	2	1	4	5	1	3	2	3	4	4	6	4	3	5	1	2	1	3	4	4	5	6	3	3	4	3	2	1	1	2	3	4	3	3	2	3	5	2	2	3	1
 186829 	2	2	1	2	3	2	1	4	5	6	3	2	3	4	1	0	4	3	5	1	1	3	2	1	4	1	4	5	1	3	2	3	4	4	1	1	3	1	4	3	1	1	4	4	2	4	2	3	1	1	3	3	2	2	3	4	4	3	1	2	1	3	3	6	5
 186830 	1	4	1	2	3	2	4	4	5	6	3	2	3	4	1	3	4	35	5	5	1	1	3	0	4	1	4	5	1	4	4	3	4	4	1	1	4	1	4	3	2	0	0	2	0	2	0	3	0	4	3	3	3	3	3	4	1	1	1	2	1	4	2	3	1
 186831 	1	3	1	2	3	2	4	4	5	6	3	2	3	4	1	3	4	3	5	1	1	3	2	6	4	1	4	5	1	3	4	3	4	4	1	1	3	1	4	4	1	1	4	3	2	4	2	1	1	2	1	2	5	3	2	3	4	6	2	3	6	3	2	4	4
 186832 	1	4	1	2	3	2	4	4	5	6	3	5	3	4	1	3	4	3	5	1	1	3	2	6	4	5	4	5	1	3	4	3	4	3	1	1	3	5	3	3	1	3	4	4	5	4	2	3	4	3	2	5	5	2	4	4	4	1	3	6	3	4	1	5	3
 186833 	1	4	1	2	3	2	1	4	5	3	2	3	4	1	3	4	3	5	1	1	3	3	2	6	4	1	4	5	1	3	2	3	4	4	1	1	3	1	4	1	1	3	4	4	5	2	2	3	4	2	4	3	2	3	3	1	6	5	1	2	6	4	2	5	5
 186834 	1	2	1	2	3	2	1	4	5	6	3	2	3	4	1	3	4	3	5	1	1	3	2	6	4	1	4	5	1	3	4	3	4	4	1	1	3	1	4	3	1	3	4	4	2	5	2	1	4	4	3	3	3	3	2	4	4	4	3	4	3	6	1	3	4
 186835 	1	2	1	2	3	2	1	4	5	6	3	2	3	4	1	3	4	3	15	1	3	3	2	6	4	1	4	5	1	3	4	2	4	4	1	1	3	1	4	4	2	1	4	4	5	4	2	3	4	3	3	5	3	3	4	4	6	3	2	3	6	4	5	3	4
 186836 	3	0	1	2	3	2	4	4	0	5	6	3	3	4	1	3	4	3	3	2	1	4	2	6	4	1	4	5	1	3	4	3	4	4	6	1	3	1	4	2	2	3	4	4	2	4	0	2	3	4	3	1	4	3	3	2	4	4	4	4	1	6	3	5	1
 186837 	1	4	1	2	3	2	1	4	5	6	3	2	3	4	1	3	4	3	5	1	1	3	2	6	4	1	4	5	1	3	4	3	4	4	1	1	3	1	4	3	1	1	4	3	2	2	2	1	1	3	1	3	2	3	2	4	4	3	2	5	6	3	4	5	5
 186838 	1	4	1	2	3	2	2	4	5	6	3	2	3	4	1	3	4	3	3	1	1	3	3	6	4	1	2	1	1	3	4	3	4	4	1	1	3	1	4	2	1	3	4	4	2	4	2	3	1	2	1	1	2	3	2	4	1	4	3	5	1	4	5	5	4
 186839 	1	4	1	2	3	4	1	4	5	6	3	2	3	4	1	3	4	3	5	1	1	3	2	6	4	1	4	5	1	4	2	3	4	1	1	1	3	1	4	3	2	1	4	4	2	4	2	3	4	2	4	0	3	1	1	4	2	3	2	4	3	5	6	1	4
 186840 	1	4	1	2	3	2	4	4	5	6	3	2	3	4	1	3	4	3	5	1	0	3	3	2	6	3	1	4	5	1	3	3	1	3	4	1	4	1	4	4	2	1	4	4	5	4	2	3	4	2	1	2	3	3	2	4	4	3	2	4	2	5	1	5	5
 186841 	2	3	1	2	3	2	4	4	5	6	3	2	3	4	1	3	4	3	5	1	1	3	2	6	4	1	4	5	1	3	4	3	4	4	2	1	1	1	4	3	3	1	4	4	5	4	2	1	4	3	3	5	2	1	5	2	4	3	1	4	5	2	5	2	5
 186842 	1	4	1	2	3	2	1	4	5	6	3	2	3	4	1	3	4	3	5	1	1	3	2	6	4	1	4	5	1	3	3	3	4	4	1	1	3	1	4	3	3	1	4	4	5	3	2	3	4	4	3	5	2	4	5	1	6	3	3	2	3	4	5	3	3
 186843 	1	4	1	2	3	2	1	4	5	6	3	2	3	4	1	3	4	3	5	4	1	3	5	6	4	1	4	5	1	3	4	3	4	5	1	1	3	1	4	3	2	3	4	4	2	4	2	3	4	2	1	1	3	3	2	3	2	3	2	4	3	2	3	3	6
 186844 	3	0	1	2	3	2	4	4	5	6	3	2	3	4	1	3	4	3	5	2	3	3	2	6	4	1	4	5	1	3	4	3	4	4	1	1	3	1	4	3	1	3	4	2	5	5	2	1	4	1	2	3	2	3	2	2	3	1	1	2	4	3	5	4	3
 186845 	2	4	1	2	3	2	4	4	5	6	3	2	3	4	1	3	4	3	5	1	1	3	2	6	4	1	4	5	1	3	4	3	4	4	1	1	3	1	4	3	3	1	4	4	2	4	2	3	4	3	3	3	3	3	3	4	4	3	3	4	1	5	4	2	4
 186846 	1	4	1	2	3	2	5	5	5	6	3	2	3	4	1	3	4	3	5	1	1	3	5	6	4	1	4	5	1	3	4	3	4	1	1	1	1	1	4	2	1	1	4	3	5	5	3	3	2	4	4	3	5	2	4	4	4	3	1	1	5	4	1	1	6
 186847 	1	4	1	2	3	2	1	4	5	6	3	2	3	4	1	3	4	3	5	1	6	3	2	6	4	1	4	5	1	3	4	3	4	4	1	1	3	1	4	3	2	3	4	4	2	4	2	3	4	2	2	3	3	2	2	1	4	5	2	4	1	3	5	1	6
 186848 	3	5	2	4	3	2	1	4	4	1	0	3	4	1	0	3	4	2	3	4	3	4	3	4	5	1	3	4	2	4	4	3	4	2	2	2	2	3	4	2	1	2	4	3	3	4	0	3	2	4	0	3	5	2	4	4	4	3	1	1	5	2	1	1	5
 186849 	2	3	1	2	3	2	4	4	5	6	3	2	3	4	1	3	4	3	5	1	1	3	2	6	4	1	4	5	1	3	4	3	4	4	1	1	3	1	4	3	2	1	4	4	2	4	2	3	4	3	2	1	3	4	3	4	4	3	2	4	1	2	3	3	4
 186850 	2	3	1	2	3	2	1	4	5	6	3	2	3	4	1	3	4	3	5	1	1	3	2	6	4	1	4	5	1	3	4	3	4	4	3	1	3	1	4	3	2	1	4	3	5	2	2	2	4	3	1	4	5	2	5	4	4	3	3	4	4	3	3	4	4
 186851 	1	3	1	2	3	2	1	4	5	6	3	2	3	4	1	3	4	3	5	1	1	3	2	6	4	1	4	5	1	3	4	3	4	4	1	1	3	1	4	3	1	1	4	4	5	2	2	1	2	2	1	3	2	3	2	4	3	1	3	6	3	3	6	5	3
 186852 	1	4	1	2	3	2	1	4	5	6	3	2	3	3	1	3	4	3	5	1	1	3	2	6	4	1	4	5	1	3	4	2	4	1	1	5	3	5	4	3	2	1	4	3	5	4	2	1	4	2	3	5	3	2	3	14	3	2	1	6	6	2	6	5	4
 186853 	1	4	1	2	3	2	1	4	5	6	3	1	3	4	1	3	4	3	5	1	1	3	2	6	3	1	4	5	1	3	4	0	2	4	1	1	1	1	4	3	2	1	4	4	3	2	2	3	4	4	2	3	3	1	2	4	2	1	2	4	5	3	6	5	4
 186854 	2	3	1	2	3	2	1	4	5	6	3	2	3	4	1	3	4	3	5	1	1	3	2	6	4	1	4	5	1	3	4	3	4	4	1	1	3	1	4	3	0	0	4	2	3	4	3	3	4	3	3	5	0	3	2	4	4	4	1	3	4	3	5	5	0
 186855 	1	4	1	2	3	2	4	4	5	6	3	4	2	3	4	1	3	4	3	5	1	1	4	6	4	1	4	5	1	4	4	3	4	4	1	1	5	1	4	2	2	3	4	2	3	2	2	1	2	4	4	3	3	2	4	4	4	3	1	5	1	5	3	3	4
 186856 	1	4	1	2	3	2	1	4	5	6	3	0	4	1	3	4	3	5	1	1	1	3	2	6	4	1	4	5	1	3	4	3	4	4	1	1	3	1	4	3	2	3	4	4	2	4	2	3	4	2	2	3	3	3	2	1	4	5	1	4	3	4	5	1	6
 186857 	3	4	2	4	5	3	0	3	3	1	2	3	2	1	3	3	5	2	6	4	3	4	3	4	5	1	4	4	3	4	3	3	3	5	4	2	2	0	4	3	5	3	4	4	4	5	2	3	4	3	5	2	3	2	3	3	4	5	4	3	3	3	5	3	3
 186858 	1	4	1	2	3	2	4	4	5	6	3	2	3	4	1	3	4	3	5	1	1	3	2	6	4	1	4	4	5	1	4	4	3	4	4	1	3	1	4	3	1	3	4	4	5	4	2	1	2	3	3	3	2	2	3	3	3	1	2	6	5	1	4	3	6
 186859 	5	5	1	2	3	2	4	4	5	6	3	2	3	4	1	3	4	3	3	2	1	3	2	6	4	1	2	3	1	3	4	3	4	4	1	1	3	1	4	3	6	3	4	3	2	5	3	2	3	4	4	2	4	2	6	4	4	4	1	4	3	2	4	5	4
 186860 	0	0	0	0	0	0	0	0	0	0	0	0	0	0	0	0	0	0	0	0	0	0	0	0	0	0	0	0	0	0	0	0	0	0	0	0	0	0	0	0	0	0	0	0	0	0	0	0	0	0	0	0	0	0	0	0	0	0	0	0	0	0	0	0	0
 186901 	2	3	1	2	3	2	4	4	5	6	3	2	3	4	1	3	4	3	5	1	1	3	2	6	4	1	4	5	1	3	4	3	4	4	1	1	3	1	4	3	1	1	4	2	5	5	2	1	2	2	4	3	6	3	5	4	6	2	3	6	1	3	2	4	1
 186902 	2	4	1	2	3	2	4	4	5	6	3	2	3	4	1	3	5	6	5	1	1	3	2	6	4	1	4	5	1	3	4	3	4	4	1	1	3	1	4	3	1	3	4	2	5	5	2	1	4	4	4	3	3	1	3	3	6	5	4	2	3	3	3	4	2
 186903 	1	4	1	2	3	2	4	4	5	6	3	2	3	4	1	3	4	3	5	1	6	3	2	6	4	1	4	5	1	3	4	3	4	4	1	4	5	4	4	3	1	1	4	2	5	2	4	3	1	4	2	4	2	2	0	4	1	4	2	4	3	3	4	4	4
 186904 	2	4	1	2	3	2	4	4	5	6	3	2	3	4	1	3	4	3	5	1	1	3	2	6	3	1	2	5	1	3	4	4	4	4	1	1	3	1	4	3	1	3	4	3	2	4	2	1	4	4	2	3	3	1	3	3	6	5	6	4	3	3	4	4	3
 186905 	1	3	1	2	3	2	4	5	5	6	3	2	3	4	1	3	4	3	5	1	1	3	2	6	4	1	4	5	1	3	4	3	4	4	1	1	3	1	4	2	1	3	4	2	2	5	3	3	4	4	3	3	3	2	6	4	5	4	1	3	3	2	4	4	3
 186906 	2	5	1	2	3	2	4	4	5	6	3	2	3	4	1	3	4	3	5	1	1	3	2	6	4	1	4	5	1	3	2	2	4	1	1	1	3	1	4	3	1	1	4	4	5	4	2	1	2	2	4	3	2	1	3	2	6	3	1	3	3	1	1	4	3
 186907 	3	3	1	2	3	2	4	4	5	6	3	2	3	4	1	3	4	3	5	1	1	3	2	6	4	1	4	5	1	3	4	3	4	4	1	5	3	1	4	3	1	1	2	3	2	2	2	3	1	4	4	5	4	4	3	1	6	1	4	2	3	4	3	3	4
 186908 	2	4	1	2	3	2	4	4	5	6	3	2	3	4	1	3	3	3	5	1	1	3	2	6	4	2	4	5	1	3	4	3	4	4	1	1	3	1	4	3	1	1	4	2	5	5	2	3	4	4	3	3	3	2	4	2	6	5	2	2	5	4	3	3	1
 186909 	3	3	1	2	3	2	4	4	5	6	3	2	3	4	1	3	4	3	5	1	1	3	2	6	4	1	4	5	1	3	4	2	4	4	0	0	0	1	2	1	4	3	1	3	4	2	5	2	4	5	2	4	1	0	0	4	4	5	1	2	5	0	5	5	5
 186910 	1	4	1	2	3	2	4	4	5	6	3	2	3	4	1	3	4	3	5	1	1	3	2	6	4	1	4	5	1	3	4	3	4	4	1	1	3	1	4	3	1	3	4	2	5	4	2	3	4	4	4	3	3	3	3	4	4	3	1	4	2	5	1	4	4
 186911 	1	4	1	2	3	2	4	4	5	6	3	2	3	4	1	3	4	3	5	1	1	3	2	6	4	1	4	5	1	3	4	3	4	4	1	1	3	1	4	3	1	3	4	2	5	5	3	1	2	2	3	3	3	2	6	2	6	5	3	2	3	6	5	4	1
 186912 	2	4	1	2	3	2	1	4	5	6	3	2	3	4	1	3	4	3	5	1	1	3	2	6	4	1	4	5	1	3	4	3	4	4	1	5	0	1	4	3	4	1	2	2	5	3	4	3	4	3	4	5	4	3	4	1	5	2	1	6	3	5	5	6	5
 186913 	1	3	1	2	3	2	4	4	5	6	3	2	3	4	1	3	4	3	5	1	1	3	2	6	4	1	4	5	1	3	4	3	4	2	2	1	4	1	4	3	1	3	3	2	2	5	3	1	2	4	2	4	3	2	6	4	6	6	1	2	3	5	4	4	3
 186914 	2	4	1	2	3	2	4	4	5	6	3	2	3	4	1	3	4	3	5	1	1	0	2	6	4	5	4	5	1	3	4	2	4	5	1	5	3	1	4	3	4	3	4	3	5	2	3	3	1	4	4	3	3	2	2	4	3	1	3	1	3	5	4	6	3
 186915 	1	3	1	2	3	2	4	4	5	6	3	2	3	4	1	3	4	3	5	1	1	3	2	6	4	1	4	5	1	3	4	3	4	4	1	1	3	1	4	3	1	1	4	2	5	5	2	3	2	2	4	3	2	3	4	3	1	4	3	6	6	3	1	5	4
 186916 	4	4	1	2	3	2	4	4	5	6	3	2	3	4	1	3	4	3	5	1	1	3	2	6	4	1	4	5	1	3	4	3	4	4	1	1	3	1	4	3	1	3	4	2	2	5	3	1	4	4	3	3	4	1	6	4	6	5	1	3	3	2	4	5	4
 186917 	1	4	1	2	3	2	4	4	5	6	3	2	3	4	1	3	4	3	4	3	1	3	2	6	4	2	4	5	1	3	4	2	4	4	1	1	3	1	4	3	3	3	4	4	5	5	2	3	1	2	4	3	2	4	3	4	3	1	4	2	3	5	6	4	4
 186918 	1	3	1	2	3	2	4	0	5	6	3	2	3	4	1	3	4	3	5	1	1	3	2	6	4	1	4	4	1	3	4	3	4	4	1	5	3	4	4	2	1	1	4	2	2	4	2	1	1	4	4	1	4	2	3	1	1	5	1	2	6	5	4	5	3
 186919 	1	4	1	2	3	2	4	4	5	6	3	2	3	4	1	3	4	3	5	1	6	3	2	6	4	1	4	5	1	3	3	4	4	4	1	4	5	4	4	3	0	1	4	2	2	4	3	3	1	4	2	4	2	2	6	4	1	4	2	4	3	3	4	6	4
 186920 	1	3	1	2	3	2	4	4	5	6	3	2	3	4	1	3	4	3	5	1	1	3	2	4	4	1	4	2	1	3	4	2	4	4	1	5	4	1	4	4	1	1	3	4	2	4	2	3	4	4	4	4	3	4	4	4	4	1	6	2	3	2	4	4	1
 186921 	12	3	1	2	3	2	4	4	5	6	3	2	3	4	1	3	4	3	4	1	1	5	2	6	4	1	4	5	1	3	4	3	4	4	2	1	3	1	4	3	1	0	4	3	5	4	5	3	2	4	4	3	4	2	5	3	6	5	1	4	3	2	5	4	5
 186922 	2	4	1	2	3	2	4	4	5	6	3	2	3	4	1	3	4	3	5	1	1	3	2	6	4	2	4	5	1	3	4	3	4	4	1	1	3	1	4	3	1	1	4	2	5	5	2	3	4	4	3	3	3	2	4	2	6	5	2	2	5	4	3	3	1
 186923 	1	4	1	2	3	2	4	4	5	6	3	2	3	4	1	3	4	3	5	1	1	3	2	6	4	1	4	5	1	3	4	3	4	4	1	1	3	1	4	3	1	3	4	2	2	5	3	1	4	2	2	3	4	1	6	4	5	5	1	3	3	2	4	4	3
 186924 	2	3	1	2	3	2	4	4	5	6	3	2	3	4	1	3	4	3	5	1	1	3	2	6	4	1	2	5	1	3	4	3	4	4	1	1	3	1	4	0	3	1	3	4	3	2	3	4	2	2	4	4	4	2	6	4	5	4	1	2	3	2	4	5	4
 186925 	2	3	1	2	3	2	4	4	5	6	3	2	3	4	1	3	4	3	5	1	1	3	2	1	4	1	4	2	4	3	4	3	4	4	4	5	2	5	4	4	3	3	4	2	2	1	6	3	4	4	3	1	3	2	3	1	6	3	1	4	5	4	4	5	4
 186926 	1	4	1	2	3	2	1	4	5	6	3	2	3	4	1	3	4	3	5	1	1	3	2	6	4	1	4	5	1	3	4	3	4	1	1	1	3	1	2	3	1	3	4	3	5	4	5	3	2	4	4	3	3	2	5	3	6	3	1	2	6	5	1	1	4
 186927 	1	3	1	2	3	2	1	4	5	6	3	2	3	4	1	3	4	3	5	1	1	3	2	6	4	1	4	5	1	3	4	3	4	4	1	5	3	1	4	2	2	1	4	1	2	2	3	3	4	4	2	2	3	2	3	4	5	6	2	6	1	2	3	3	3
 186928 	4	4	1	2	3	2	4	4	5	6	3	2	3	4	1	3	4	3	5	1	1	3	2	6	4	1	4	5	1	3	4	3	4	4	1	1	3	1	4	3	1	3	4	2	2	5	3	1	1	4	2	3	4	1	6	4	6	5	1	3	3	2	4	5	4
 186929 	1	4	1	2	3	2	1	4	5	6	3	2	3	4	1	3	4	3	5	1	1	3	2	6	4	1	2	5	1	3	4	3	4	4	1	1	4	1	4	1	4	1	4	2	2	3	2	1	4	3	3	3	6	2	3	4	6	6	6	2	6	3	5	5	0
 186930 	2	3	1	2	3	2	4	4	4	6	3	2	3	2	1	1	4	1	2	2	3	4	2	6	4	6	4	4	1	4	4	3	4	3	1	1	4	1	4	4	2	3	4	3	3	4	4	6	1	4	3	3	1	2	6	4	1	6	1	2	2	5	1	3	3
 186931 	1	4	1	2	3	2	4	4	5	6	3	2	3	4	1	3	4	3	5	1	1	3	2	6	4	1	4	5	1	4	4	3	4	4	1	1	3	1	4	2	1	1	1	1	5	5	0	2	1	4	4	3	3	2	2	4	1	5	5	4	3	2	0	4	3
 186932 	1	3	1	2	3	2	1	4	5	6	3	2	3	4	1	3	4	3	5	1	1	3	2	6	4	1	4	5	1	4	3	2	4	4	1	1	3	1	4	1	1	1	4	3	5	5	1	1	1	4	2	3	4	2	6	2	6	4	1	2	3	3	1	1	4
 186933 	1	4	1	2	3	2	1	4	5	6	3	2	3	4	1	3	4	3	5	1	1	3	2	6	4	1	4	5	1	3	1	2	4	4	1	1	3	1	4	3	1	3	4	3	5	0	2	3	4	2	4	3	3	3	6	4	6	5	3	4	3	3	5	3	4
 186934 	0	0	1	2	3	2	1	4	5	6	3	2	3	4	1	3	4	3	5	1	1	3	2	6	4	1	4	5	1	3	4	3	4	4	1	5	1	1	4	1	1	3	4	4	5	4	2	3	4	3	2	1	3	1	2	1	4	1	1	6	5	6	1	3	4
 186935 	2	3	1	2	3	2	1	4	5	6	3	2	3	4	1	3	4	3	5	1	1	3	2	6	4	1	4	5	1	3	4	3	1	4	2	1	3	1	4	3	2	3	5	2	2	5	5	5	1	4	3	3	2	2	3	4	6	5	1	2	1	4	1	1	5
 186936 	1	3	1	2	3	2	4	4	5	6	3	2	3	4	1	1	4	1	6	1	5	6	2	6	4	6	4	4	1	0	3	2	4	2	1	1	4	1	1	3	2	1	4	2	5	1	5	3	4	4	3	2	2	1	6	4	4	1	1	2	3	3	6	2	2
 186937 	1	3	1	2	3	2	0	4	5	6	3	2	3	4	1	3	4	0	5	1	1	3	2	6	4	1	4	5	1	3	4	3	4	1	6	0	3	1	4	3	1	1	4	2	5	5	2	3	1	4	3	5	2	1	6	4	4	1	1	2	5	3	6	4	2
 186938 	1	3	1	2	3	2	4	4	5	6	3	2	3	5	1	4	4	1	5	1	5	4	4	6	4	5	5	4	1	5	4	2	4	5	1	5	4	1	2	3	2	1	4	3	4	3	6	2	1	4	2	5	5	1	3	4	5	3	3	4	4	5	5	2	3
 186939 	2	3	1	2	3	2	1	4	5	2	3	2	3	4	1	3	4	3	5	1	1	3	2	6	4	1	4	5	1	3	4	2	4	6	1	5	2	1	1	3	3	1	4	2	5	4	3	1	1	2	3	5	3	2	3	1	6	3	3	2	3	3	5	2	5
 186940 	1	3	1	2	3	2	4	4	5	6	3	2	3	4	1	3	4	3	5	1	1	3	4	6	3	1	4	5	1	3	4	3	4	4	1	1	3	1	4	3	1	3	4	2	2	5	2	3	4	2	3	3	3	2	3	4	3	1	1	2	3	4	2	1	6
 186941 	1	3	1	2	3	2	1	4	5	6	3	2	3	4	1	3	4	3	5	1	1	3	2	6	4	1	4	5	1	3	1	2	4	4	1	1	3	1	4	2	2	1	4	2	2	5	3	1	3	2	2	3	3	2	2	4	6	4	4	3	1	2	1	5	4
 186942 	1	4	1	2	3	2	1	4	5	6	3	2	3	1	1	3	4	3	4	1	1	3	2	6	4	1	4	5	1	4	3	3	2	4	1	1	3	1	4	1	1	1	4	3	5	5	1	1	1	4	2	3	14	2	6	0	1	4	4	2	1	4	1	1	5
 186943 	4	4	1	2	3	2	0	4	5	6	3	2	3	4	1	3	4	3	5	1	1	3	2	6	4	1	4	5	1	3	4	3	4	4	1	5	3	1	4	1	1	3	4	4	5	4	3	3	4	4	3	0	3	0	4	4	5	1	2	3	4	2	1	3	4
 186944 	2	3	1	2	3	2	1	4	6	2	3	2	3	4	1	3	4	3	5	3	1	3	6	3	4	1	4	5	1	3	4	2	4	5	1	5	5	1	4	4	4	1	4	2	5	4	6	3	4	3	3	3	2	3	3	1	4	3	3	6	5	3	3	5	3
 186945 	2	3	1	2	3	2	1	4	5	6	3	2	3	4	1	3	4	3	5	1	1	3	2	6	4	1	4	5	1	3	4	3	4	1	1	1	3	1	4	4	1	1	4	3	5	4	4	1	1	4	4	5	3	2	6	4	1	5	1	4	3	5	1	5	3
 186946 	1	4	1	2	3	2	1	4	5	6	3	2	3	4	1	3	4	3	5	1	1	13	3	1	4	1	4	5	1	1	4	4	4	4	3	1	5	3	4	4	0	3	6	3	5	4	5	3	4	2	1	4	3	2	6	3	6	5	5	4	6	5	2	5	4
 186947 	2	3	1	2	3	2	4	4	5	6	3	2	3	4	1	3	4	3	5	1	1	3	2	6	4	1	4	5	1	4	4	3	4	4	1	5	3	1	4	2	2	3	6	2	5	5	3	1	2	4	4	3	1	4	5	1	1	5	3	2	3	2	6	3	5
 186948 	1	3	1	2	3	2	1	4	5	6	0	2	3	4	1	3	4	3	5	1	1	3	2	6	4	1	4	5	1	3	4	3	4	5	1	1	3	1	4	3	1	1	0	2	5	5	2	1	2	4	4	3	4	1	2	4	4	1	4	3	3	3	4	4	1
 186949 	0	0	1	2	3	2	0	5	6	3	2	3	4	1	3	4	3	3	5	1	1	3	4	6	4	2	4	5	1	4	6	6	4	4	1	1	4	6	3	2	1	3	4	3	5	4	3	4	1	4	2	3	4	2	4	1	4	5	4	4	5	5	2	2	2
																																																																	
